จังหวัด,ปี,ชาย (คน),หญิง (คน),รวม (คน)
กรุงเทพมหานคร,2536,74967,69856,144823
จังหวัดสมุทรปราการ,2536,5713,5382,11095
จังหวัดนนทบุรี,2536,4591,4402,8993
จังหวัดปทุมธานี,2536,2880,2737,5617
จังหวัดพระนครศรีอยุธยา,2536,4093,4087,8180
จังหวัดอ่างทอง,2536,1677,1614,3291
จังหวัดลพบุรี,2536,4545,4407,8952
จังหวัดสิงห์บุรี,2536,1829,1622,3451
จังหวัดชัยนาท,2536,1630,1564,3194
จังหวัดสระบุรี,2536,5026,4766,9792
จังหวัดชลบุรี,2536,10590,9950,20540
จังหวัดระยอง,2536,4048,4012,8060
จังหวัดจันทบุรี,2536,4168,4162,8330
จังหวัดตราด,2536,1772,1709,3481
จังหวัดฉะเชิงเทรา,2536,4250,4174,8424
จังหวัดปราจีนบุรี,2536,6736,6264,13000
จังหวัดนครนายก,2536,1630,1609,3239
จังหวัดสระแก้ว,2536,400,344,744
จังหวัดนครราชสีมา,2536,17588,17102,34690
จังหวัดบุรีรัมย์,2536,12319,11780,24099
จังหวัดสุรินทร์,2536,11392,10753,22145
จังหวัดศรีสะเกษ,2536,12264,11993,24257
จังหวัดอุบลราชธานี,2536,18353,17444,35797
จังหวัดยโสธร,2536,4108,3914,8022
จังหวัดชัยภูมิ,2536,7998,7701,15699
จังหวัดอำนาจเจริญ,2536,283,271,554
จังหวัดหนองบัวลำภู,2536,399,384,783
จังหวัดขอนแก่น,2536,15634,15090,30724
จังหวัดอุดรธานี,2536,16613,15783,32396
จังหวัดเลย,2536,4640,4390,9030
จังหวัดหนองคาย,2536,7605,7500,15105
จังหวัดมหาสารคาม,2536,5868,5638,11506
จังหวัดร้อยเอ็ด,2536,9368,9211,18579
จังหวัดกาฬสินธุ์,2536,7435,7124,14559
จังหวัดสกลนคร,2536,9044,8727,17771
จังหวัดนครพนม,2536,5755,5661,11416
จังหวัดมุกดาหาร,2536,2787,2641,5428
จังหวัดเชียงใหม่,2536,12871,11940,24811
จังหวัดลำพูน,2536,1619,1621,3240
จังหวัดลำปาง,2536,4963,4716,9679
จังหวัดอุตรดิตถ์,2536,3179,3082,6261
จังหวัดแพร่,2536,3200,3064,6264
จังหวัดน่าน,2536,3994,3713,7707
จังหวัดพะเยา,2536,3361,3193,6554
จังหวัดเชียงราย,2536,8418,8146,16564
จังหวัดแม่ฮ่องสอน,2536,2107,1989,4096
จังหวัดนครสวรรค์,2536,7739,7377,15116
จังหวัดอุทัยธานี,2536,2504,2293,4797
จังหวัดกำแพงเพชร,2536,5171,4978,10149
จังหวัดตาก,2536,4196,4007,8203
จังหวัดสุโขทัย,2536,3750,3546,7296
จังหวัดพิษณุโลก,2536,5885,5693,11578
จังหวัดพิจิตร,2536,3508,3472,6980
จังหวัดเพชรบูรณ์,2536,6625,6267,12892
จังหวัดราชบุรี,2536,8077,7463,15540
จังหวัดกาญจนบุรี,2536,5397,5221,10618
จังหวัดสุพรรณบุรี,2536,5152,4969,10121
จังหวัดนครปฐม,2536,5408,5078,10486
จังหวัดสมุทรสาคร,2536,3490,3265,6755
จังหวัดสมุทรสงคราม,2536,1077,1135,2212
จังหวัดเพชรบุรี,2536,2580,2406,4986
จังหวัดประจวบคีรีขันธ์,2536,3557,3368,6925
จังหวัดนครศรีธรรมราช,2536,12498,12113,24611
จังหวัดกระบี่,2536,3310,3056,6366
จังหวัดพังงา,2536,1978,1948,3926
จังหวัดภูเก็ต,2536,2634,2408,5042
จังหวัดสุราษฎร์ธานี,2536,7561,7169,14730
จังหวัดระนอง,2536,1415,1298,2713
จังหวัดชุมพร,2536,3565,3290,6855
จังหวัดสงขลา,2536,11364,11173,22537
จังหวัดสตูล,2536,2390,2261,4651
จังหวัดตรัง,2536,5596,5236,10832
จังหวัดพัทลุง,2536,3827,3712,7539
จังหวัดปัตตานี,2536,6703,6618,13321
จังหวัดยะลา,2536,5611,5429,11040
จังหวัดนราธิวาส,2536,7273,6932,14205
กรุงเทพมหานคร,2537,75917,71196,147113
จังหวัดสมุทรปราการ,2537,6467,6138,12605
จังหวัดนนทบุรี,2537,4963,4708,9671
จังหวัดปทุมธานี,2537,3196,3052,6248
จังหวัดพระนครศรีอยุธยา,2537,4593,4291,8884
จังหวัดอ่างทอง,2537,1758,1524,3282
จังหวัดลพบุรี,2537,4654,4381,9035
จังหวัดสิงห์บุรี,2537,1738,1627,3365
จังหวัดชัยนาท,2537,1383,1407,2790
จังหวัดสระบุรี,2537,5220,5027,10247
จังหวัดชลบุรี,2537,11131,10554,21685
จังหวัดระยอง,2537,4159,3992,8151
จังหวัดจันทบุรี,2537,4156,4114,8270
จังหวัดตราด,2537,1621,1534,3155
จังหวัดฉะเชิงเทรา,2537,4200,3921,8121
จังหวัดปราจีนบุรี,2537,2829,2853,5682
จังหวัดนครนายก,2537,1622,1450,3072
จังหวัดสระแก้ว,2537,4099,3914,8013
จังหวัดนครราชสีมา,2537,17999,17009,35008
จังหวัดบุรีรัมย์,2537,11841,11459,23300
จังหวัดสุรินทร์,2537,10998,10678,21676
จังหวัดศรีสะเกษ,2537,11766,11344,23110
จังหวัดอุบลราชธานี,2537,15066,14318,29384
จังหวัดยโสธร,2537,4169,3811,7980
จังหวัดชัยภูมิ,2537,6993,6473,13466
จังหวัดอำนาจเจริญ,2537,2677,2504,5181
จังหวัดหนองบัวลำภู,2537,3865,3745,7610
จังหวัดขอนแก่น,2537,15349,14439,29788
จังหวัดอุดรธานี,2537,12432,11879,24311
จังหวัดเลย,2537,4393,4197,8590
จังหวัดหนองคาย,2537,6639,6658,13297
จังหวัดมหาสารคาม,2537,5806,5520,11326
จังหวัดร้อยเอ็ด,2537,9341,9025,18366
จังหวัดกาฬสินธุ์,2537,6862,6642,13504
จังหวัดสกลนคร,2537,8090,7788,15878
จังหวัดนครพนม,2537,5686,5430,11116
จังหวัดมุกดาหาร,2537,2623,2577,5200
จังหวัดเชียงใหม่,2537,11163,10593,21756
จังหวัดลำพูน,2537,1552,1503,3055
จังหวัดลำปาง,2537,5065,4690,9755
จังหวัดอุตรดิตถ์,2537,3017,2827,5844
จังหวัดแพร่,2537,3112,3029,6141
จังหวัดน่าน,2537,3585,3407,6992
จังหวัดพะเยา,2537,3375,3236,6611
จังหวัดเชียงราย,2537,8290,7739,16029
จังหวัดแม่ฮ่องสอน,2537,2743,2512,5255
จังหวัดนครสวรรค์,2537,7144,6888,14032
จังหวัดอุทัยธานี,2537,2482,2344,4826
จังหวัดกำแพงเพชร,2537,4687,4723,9410
จังหวัดตาก,2537,3992,3870,7862
จังหวัดสุโขทัย,2537,3520,3260,6780
จังหวัดพิษณุโลก,2537,5832,5511,11343
จังหวัดพิจิตร,2537,3709,3458,7167
จังหวัดเพชรบูรณ์,2537,6247,5964,12211
จังหวัดราชบุรี,2537,7895,7487,15382
จังหวัดกาญจนบุรี,2537,5460,5258,10718
จังหวัดสุพรรณบุรี,2537,5380,5232,10612
จังหวัดนครปฐม,2537,5979,5454,11433
จังหวัดสมุทรสาคร,2537,4154,3672,7826
จังหวัดสมุทรสงคราม,2537,1175,1044,2219
จังหวัดเพชรบุรี,2537,2620,2452,5072
จังหวัดประจวบคีรีขันธ์,2537,3374,3272,6646
จังหวัดนครศรีธรรมราช,2537,12254,11573,23827
จังหวัดกระบี่,2537,3217,3007,6224
จังหวัดพังงา,2537,1984,1985,3969
จังหวัดภูเก็ต,2537,2658,2572,5230
จังหวัดสุราษฎร์ธานี,2537,7713,7563,15276
จังหวัดระนอง,2537,1384,1279,2663
จังหวัดชุมพร,2537,3568,3337,6905
จังหวัดสงขลา,2537,11972,11212,23184
จังหวัดสตูล,2537,2478,2432,4910
จังหวัดตรัง,2537,5514,5259,10773
จังหวัดพัทลุง,2537,3865,3648,7513
จังหวัดปัตตานี,2537,6473,6180,12653
จังหวัดยะลา,2537,5754,5427,11181
จังหวัดนราธิวาส,2537,7130,6865,13995
กรุงเทพมหานคร,2538,70009,66108,136117
จังหวัดสมุทรปราการ,2538,6428,6131,12559
จังหวัดนนทบุรี,2538,5643,5073,10716
จังหวัดปทุมธานี,2538,3245,3050,6295
จังหวัดพระนครศรีอยุธยา,2538,4799,4580,9379
จังหวัดอ่างทอง,2538,1568,1487,3055
จังหวัดลพบุรี,2538,4691,4462,9153
จังหวัดสิงห์บุรี,2538,1572,1406,2978
จังหวัดชัยนาท,2538,1398,1310,2708
จังหวัดสระบุรี,2538,4418,4247,8665
จังหวัดชลบุรี,2538,10058,9877,19935
จังหวัดระยอง,2538,4299,3998,8297
จังหวัดจันทบุรี,2538,4370,4167,8537
จังหวัดตราด,2538,1629,1560,3189
จังหวัดฉะเชิงเทรา,2538,4101,4029,8130
จังหวัดปราจีนบุรี,2538,3068,2907,5975
จังหวัดนครนายก,2538,1662,1608,3270
จังหวัดสระแก้ว,2538,3127,2910,6037
จังหวัดนครราชสีมา,2538,17267,16623,33890
จังหวัดบุรีรัมย์,2538,11418,11039,22457
จังหวัดสุรินทร์,2538,10098,9729,19827
จังหวัดศรีสะเกษ,2538,11487,11254,22741
จังหวัดอุบลราชธานี,2538,14720,14202,28922
จังหวัดยโสธร,2538,4155,3871,8026
จังหวัดชัยภูมิ,2538,6008,5671,11679
จังหวัดอำนาจเจริญ,2538,2579,2507,5086
จังหวัดหนองบัวลำภู,2538,3657,3589,7246
จังหวัดขอนแก่น,2538,14470,13923,28393
จังหวัดอุดรธานี,2538,11662,11031,22693
จังหวัดเลย,2538,4387,4229,8616
จังหวัดหนองคาย,2538,7116,6833,13949
จังหวัดมหาสารคาม,2538,5198,5169,10367
จังหวัดร้อยเอ็ด,2538,8050,7759,15809
จังหวัดกาฬสินธุ์,2538,5869,5658,11527
จังหวัดสกลนคร,2538,8671,8379,17050
จังหวัดนครพนม,2538,5269,5192,10461
จังหวัดมุกดาหาร,2538,2642,2498,5140
จังหวัดเชียงใหม่,2538,10488,10207,20695
จังหวัดลำพูน,2538,1684,1513,3197
จังหวัดลำปาง,2538,4635,4501,9136
จังหวัดอุตรดิตถ์,2538,2659,2591,5250
จังหวัดแพร่,2538,2579,2526,5105
จังหวัดน่าน,2538,4658,4390,9048
จังหวัดพะเยา,2538,3209,3162,6371
จังหวัดเชียงราย,2538,7507,7142,14649
จังหวัดแม่ฮ่องสอน,2538,2823,2660,5483
จังหวัดนครสวรรค์,2538,6437,6141,12578
จังหวัดอุทัยธานี,2538,2365,2221,4586
จังหวัดกำแพงเพชร,2538,4581,4530,9111
จังหวัดตาก,2538,4229,3888,8117
จังหวัดสุโขทัย,2538,3300,3133,6433
จังหวัดพิษณุโลก,2538,5597,5414,11011
จังหวัดพิจิตร,2538,3467,3112,6579
จังหวัดเพชรบูรณ์,2538,5844,5620,11464
จังหวัดราชบุรี,2538,7566,7309,14875
จังหวัดกาญจนบุรี,2538,5273,5090,10363
จังหวัดสุพรรณบุรี,2538,5314,4961,10275
จังหวัดนครปฐม,2538,5662,5527,11189
จังหวัดสมุทรสาคร,2538,4445,4221,8666
จังหวัดสมุทรสงคราม,2538,1115,1060,2175
จังหวัดเพชรบุรี,2538,2375,2296,4671
จังหวัดประจวบคีรีขันธ์,2538,3113,2955,6068
จังหวัดนครศรีธรรมราช,2538,11014,10555,21569
จังหวัดกระบี่,2538,3065,2896,5961
จังหวัดพังงา,2538,2024,1871,3895
จังหวัดภูเก็ต,2538,2748,2518,5266
จังหวัดสุราษฎร์ธานี,2538,7295,6916,14211
จังหวัดระนอง,2538,1486,1439,2925
จังหวัดชุมพร,2538,3863,3663,7526
จังหวัดสงขลา,2538,12144,11242,23386
จังหวัดสตูล,2538,2352,2104,4456
จังหวัดตรัง,2538,5075,4931,10006
จังหวัดพัทลุง,2538,3435,3350,6785
จังหวัดปัตตานี,2538,6508,6439,12947
จังหวัดยะลา,2538,5583,5327,10910
จังหวัดนราธิวาส,2538,6661,6483,13144
กรุงเทพมหานคร,2539,77979,72482,150461
จังหวัดสมุทรปราการ,2539,8316,7783,16099
จังหวัดนนทบุรี,2539,5908,5461,11369
จังหวัดปทุมธานี,2539,3279,2962,6241
จังหวัดพระนครศรีอยุธยา,2539,4895,4681,9576
จังหวัดอ่างทอง,2539,1671,1690,3361
จังหวัดลพบุรี,2539,4733,4566,9299
จังหวัดสิงห์บุรี,2539,1677,1564,3241
จังหวัดชัยนาท,2539,1535,1449,2984
จังหวัดสระบุรี,2539,5415,5071,10486
จังหวัดชลบุรี,2539,12134,11270,23404
จังหวัดระยอง,2539,4912,4790,9702
จังหวัดจันทบุรี,2539,4348,3969,8317
จังหวัดตราด,2539,1692,1629,3321
จังหวัดฉะเชิงเทรา,2539,4663,4376,9039
จังหวัดปราจีนบุรี,2539,3276,3063,6339
จังหวัดนครนายก,2539,1663,1609,3272
จังหวัดสระแก้ว,2539,4047,3748,7795
จังหวัดนครราชสีมา,2539,17217,16452,33669
จังหวัดบุรีรัมย์,2539,11637,11215,22852
จังหวัดสุรินทร์,2539,11108,10415,21523
จังหวัดศรีสะเกษ,2539,11208,10848,22056
จังหวัดอุบลราชธานี,2539,15084,14302,29386
จังหวัดยโสธร,2539,4190,4133,8323
จังหวัดชัยภูมิ,2539,6268,6158,12426
จังหวัดอำนาจเจริญ,2539,2500,2428,4928
จังหวัดหนองบัวลำภู,2539,3995,3680,7675
จังหวัดขอนแก่น,2539,15634,14893,30527
จังหวัดอุดรธานี,2539,12277,11816,24093
จังหวัดเลย,2539,4155,4122,8277
จังหวัดหนองคาย,2539,7060,6762,13822
จังหวัดมหาสารคาม,2539,5801,5593,11394
จังหวัดร้อยเอ็ด,2539,8785,8305,17090
จังหวัดกาฬสินธุ์,2539,6473,6223,12696
จังหวัดสกลนคร,2539,8114,7567,15681
จังหวัดนครพนม,2539,5431,5240,10671
จังหวัดมุกดาหาร,2539,2862,2749,5611
จังหวัดเชียงใหม่,2539,8670,8269,16939
จังหวัดลำพูน,2539,1832,1680,3512
จังหวัดลำปาง,2539,4769,4524,9293
จังหวัดอุตรดิตถ์,2539,3121,2941,6062
จังหวัดแพร่,2539,2913,2768,5681
จังหวัดน่าน,2539,3945,3910,7855
จังหวัดพะเยา,2539,3167,3182,6349
จังหวัดเชียงราย,2539,8277,7561,15838
จังหวัดแม่ฮ่องสอน,2539,3440,3203,6643
จังหวัดนครสวรรค์,2539,7036,6844,13880
จังหวัดอุทัยธานี,2539,2423,2272,4695
จังหวัดกำแพงเพชร,2539,4462,4286,8748
จังหวัดตาก,2539,5095,4837,9932
จังหวัดสุโขทัย,2539,3600,3416,7016
จังหวัดพิษณุโลก,2539,5852,5565,11417
จังหวัดพิจิตร,2539,3617,3485,7102
จังหวัดเพชรบูรณ์,2539,6207,6019,12226
จังหวัดราชบุรี,2539,8029,7715,15744
จังหวัดกาญจนบุรี,2539,5676,5406,11082
จังหวัดสุพรรณบุรี,2539,5573,5305,10878
จังหวัดนครปฐม,2539,6263,6001,12264
จังหวัดสมุทรสาคร,2539,4877,4519,9396
จังหวัดสมุทรสงคราม,2539,1123,1022,2145
จังหวัดเพชรบุรี,2539,2728,2586,5314
จังหวัดประจวบคีรีขันธ์,2539,3396,3227,6623
จังหวัดนครศรีธรรมราช,2539,12380,11439,23819
จังหวัดกระบี่,2539,3047,2912,5959
จังหวัดพังงา,2539,2136,1956,4092
จังหวัดภูเก็ต,2539,2832,2865,5697
จังหวัดสุราษฎร์ธานี,2539,8026,7841,15867
จังหวัดระนอง,2539,1368,1420,2788
จังหวัดชุมพร,2539,3800,3686,7486
จังหวัดสงขลา,2539,12158,11281,23439
จังหวัดสตูล,2539,2459,2308,4767
จังหวัดตรัง,2539,5939,5685,11624
จังหวัดพัทลุง,2539,3822,3691,7513
จังหวัดปัตตานี,2539,6560,6408,12968
จังหวัดยะลา,2539,5624,5376,11000
จังหวัดนราธิวาส,2539,6555,6181,12736
กรุงเทพมหานคร,2540,73194,68464,141658
จังหวัดสมุทรปราการ,2540,7176,6746,13922
จังหวัดนนทบุรี,2540,5637,5286,10923
จังหวัดปทุมธานี,2540,3582,3338,6920
จังหวัดพระนครศรีอยุธยา,2540,5171,4904,10075
จังหวัดอ่างทอง,2540,1521,1454,2975
จังหวัดลพบุรี,2540,4118,3900,8018
จังหวัดสิงห์บุรี,2540,1571,1496,3067
จังหวัดชัยนาท,2540,1461,1380,2841
จังหวัดสระบุรี,2540,4773,4386,9159
จังหวัดชลบุรี,2540,10296,9791,20087
จังหวัดระยอง,2540,5013,4535,9548
จังหวัดจันทบุรี,2540,3668,3455,7123
จังหวัดตราด,2540,1546,1392,2938
จังหวัดฉะเชิงเทรา,2540,4329,4138,8467
จังหวัดปราจีนบุรี,2540,3265,3117,6382
จังหวัดนครนายก,2540,1478,1375,2853
จังหวัดสระแก้ว,2540,3760,3602,7362
จังหวัดนครราชสีมา,2540,16030,15113,31143
จังหวัดบุรีรัมย์,2540,11260,10794,22054
จังหวัดสุรินทร์,2540,10150,9258,19408
จังหวัดศรีสะเกษ,2540,10976,10248,21224
จังหวัดอุบลราชธานี,2540,11160,10601,21761
จังหวัดยโสธร,2540,3816,3673,7489
จังหวัดชัยภูมิ,2540,5975,5704,11679
จังหวัดอำนาจเจริญ,2540,2229,2219,4448
จังหวัดหนองบัวลำภู,2540,3621,3527,7148
จังหวัดขอนแก่น,2540,14355,13725,28080
จังหวัดอุดรธานี,2540,8628,8089,16717
จังหวัดเลย,2540,3785,3434,7219
จังหวัดหนองคาย,2540,6839,6571,13410
จังหวัดมหาสารคาม,2540,5502,5251,10753
จังหวัดร้อยเอ็ด,2540,7736,7510,15246
จังหวัดกาฬสินธุ์,2540,5345,5043,10388
จังหวัดสกลนคร,2540,7410,6952,14362
จังหวัดนครพนม,2540,4378,4359,8737
จังหวัดมุกดาหาร,2540,2415,2401,4816
จังหวัดเชียงใหม่,2540,5167,4993,10160
จังหวัดลำพูน,2540,1325,1250,2575
จังหวัดลำปาง,2540,4311,4234,8545
จังหวัดอุตรดิตถ์,2540,3033,2902,5935
จังหวัดแพร่,2540,2774,2758,5532
จังหวัดน่าน,2540,3387,3249,6636
จังหวัดพะเยา,2540,2263,2076,4339
จังหวัดเชียงราย,2540,7859,7638,15497
จังหวัดแม่ฮ่องสอน,2540,2129,2001,4130
จังหวัดนครสวรรค์,2540,6149,5906,12055
จังหวัดอุทัยธานี,2540,2177,2130,4307
จังหวัดกำแพงเพชร,2540,4150,3912,8062
จังหวัดตาก,2540,4364,3954,8318
จังหวัดสุโขทัย,2540,3339,3204,6543
จังหวัดพิษณุโลก,2540,4155,3860,8015
จังหวัดพิจิตร,2540,3645,3499,7144
จังหวัดเพชรบูรณ์,2540,6004,5767,11771
จังหวัดราชบุรี,2540,7528,7154,14682
จังหวัดกาญจนบุรี,2540,4626,4416,9042
จังหวัดสุพรรณบุรี,2540,5492,5260,10752
จังหวัดนครปฐม,2540,4699,4488,9187
จังหวัดสมุทรสาคร,2540,5113,4597,9710
จังหวัดสมุทรสงคราม,2540,1185,1155,2340
จังหวัดเพชรบุรี,2540,2806,2611,5417
จังหวัดประจวบคีรีขันธ์,2540,3078,2976,6054
จังหวัดนครศรีธรรมราช,2540,11328,10786,22114
จังหวัดกระบี่,2540,3042,2867,5909
จังหวัดพังงา,2540,1955,1907,3862
จังหวัดภูเก็ต,2540,2640,2498,5138
จังหวัดสุราษฎร์ธานี,2540,4557,4160,8717
จังหวัดระนอง,2540,1459,1377,2836
จังหวัดชุมพร,2540,3426,3253,6679
จังหวัดสงขลา,2540,9711,9375,19086
จังหวัดสตูล,2540,2124,1959,4083
จังหวัดตรัง,2540,5232,5065,10297
จังหวัดพัทลุง,2540,3654,3379,7033
จังหวัดปัตตานี,2540,7101,6897,13998
จังหวัดยะลา,2540,4983,4824,9807
จังหวัดนราธิวาส,2540,6729,6592,13321
กรุงเทพมหานคร,2541,46329,42753,89082
จังหวัดสมุทรปราการ,2541,6935,6516,13451
จังหวัดนนทบุรี,2541,5208,4910,10118
จังหวัดปทุมธานี,2541,3721,3510,7231
จังหวัดพระนครศรีอยุธยา,2541,4876,4638,9514
จังหวัดอ่างทอง,2541,1564,1598,3162
จังหวัดลพบุรี,2541,4517,4248,8765
จังหวัดสิงห์บุรี,2541,1589,1500,3089
จังหวัดชัยนาท,2541,1493,1479,2972
จังหวัดสระบุรี,2541,5023,4666,9689
จังหวัดชลบุรี,2541,11127,10640,21767
จังหวัดระยอง,2541,4619,4315,8934
จังหวัดจันทบุรี,2541,3484,3307,6791
จังหวัดตราด,2541,1522,1467,2989
จังหวัดฉะเชิงเทรา,2541,4062,3865,7927
จังหวัดปราจีนบุรี,2541,3180,2993,6173
จังหวัดนครนายก,2541,1437,1413,2850
จังหวัดสระแก้ว,2541,3486,3328,6814
จังหวัดนครราชสีมา,2541,17194,16313,33507
จังหวัดบุรีรัมย์,2541,10914,10220,21134
จังหวัดสุรินทร์,2541,10036,9693,19729
จังหวัดศรีสะเกษ,2541,10484,10285,20769
จังหวัดอุบลราชธานี,2541,13991,13183,27174
จังหวัดยโสธร,2541,3960,3452,7412
จังหวัดชัยภูมิ,2541,6731,6519,13250
จังหวัดอำนาจเจริญ,2541,2423,2341,4764
จังหวัดหนองบัวลำภู,2541,3494,3239,6733
จังหวัดขอนแก่น,2541,12998,12515,25513
จังหวัดอุดรธานี,2541,11062,10498,21560
จังหวัดเลย,2541,4103,3904,8007
จังหวัดหนองคาย,2541,6756,6359,13115
จังหวัดมหาสารคาม,2541,5520,5209,10729
จังหวัดร้อยเอ็ด,2541,8511,8226,16737
จังหวัดกาฬสินธุ์,2541,5779,5725,11504
จังหวัดสกลนคร,2541,8226,8181,16407
จังหวัดนครพนม,2541,5402,5033,10435
จังหวัดมุกดาหาร,2541,2559,2460,5019
จังหวัดเชียงใหม่,2541,7765,7294,15059
จังหวัดลำพูน,2541,1542,1561,3103
จังหวัดลำปาง,2541,4178,3733,7911
จังหวัดอุตรดิตถ์,2541,2877,2751,5628
จังหวัดแพร่,2541,2442,2375,4817
จังหวัดน่าน,2541,3048,2939,5987
จังหวัดพะเยา,2541,2766,2612,5378
จังหวัดเชียงราย,2541,7433,7072,14505
จังหวัดแม่ฮ่องสอน,2541,2295,2163,4458
จังหวัดนครสวรรค์,2541,6583,6100,12683
จังหวัดอุทัยธานี,2541,2252,2178,4430
จังหวัดกำแพงเพชร,2541,4285,4205,8490
จังหวัดตาก,2541,4596,4433,9029
จังหวัดสุโขทัย,2541,3538,3213,6751
จังหวัดพิษณุโลก,2541,5266,4927,10193
จังหวัดพิจิตร,2541,3201,2976,6177
จังหวัดเพชรบูรณ์,2541,5875,5727,11602
จังหวัดราชบุรี,2541,6402,6150,12552
จังหวัดกาญจนบุรี,2541,5392,5040,10432
จังหวัดสุพรรณบุรี,2541,5230,5037,10267
จังหวัดนครปฐม,2541,5463,5190,10653
จังหวัดสมุทรสาคร,2541,4659,4212,8871
จังหวัดสมุทรสงคราม,2541,1049,1056,2105
จังหวัดเพชรบุรี,2541,2755,2639,5394
จังหวัดประจวบคีรีขันธ์,2541,3202,3146,6348
จังหวัดนครศรีธรรมราช,2541,10484,9878,20362
จังหวัดกระบี่,2541,3407,3136,6543
จังหวัดพังงา,2541,1797,1778,3575
จังหวัดภูเก็ต,2541,2727,2689,5416
จังหวัดสุราษฎร์ธานี,2541,7900,7243,15143
จังหวัดระนอง,2541,1350,1296,2646
จังหวัดชุมพร,2541,3666,3438,7104
จังหวัดสงขลา,2541,11251,10632,21883
จังหวัดสตูล,2541,2330,2238,4568
จังหวัดตรัง,2541,5237,5136,10373
จังหวัดพัทลุง,2541,3436,3263,6699
จังหวัดปัตตานี,2541,6641,6404,13045
จังหวัดยะลา,2541,5856,5593,11449
จังหวัดนราธิวาส,2541,7943,7872,15815
กรุงเทพมหานคร,2542,50412,47602,98014
จังหวัดสมุทรปราการ,2542,6179,5650,11829
จังหวัดนนทบุรี,2542,4337,4123,8460
จังหวัดปทุมธานี,2542,3313,3152,6465
จังหวัดพระนครศรีอยุธยา,2542,3709,3595,7304
จังหวัดอ่างทอง,2542,1482,1369,2851
จังหวัดลพบุรี,2542,4171,3843,8014
จังหวัดสิงห์บุรี,2542,1404,1375,2779
จังหวัดชัยนาท,2542,1318,1201,2519
จังหวัดสระบุรี,2542,4525,4067,8592
จังหวัดชลบุรี,2542,11115,10125,21240
จังหวัดระยอง,2542,3593,3513,7106
จังหวัดจันทบุรี,2542,2888,2635,5523
จังหวัดตราด,2542,1324,1351,2675
จังหวัดฉะเชิงเทรา,2542,3891,3682,7573
จังหวัดปราจีนบุรี,2542,2484,2457,4941
จังหวัดนครนายก,2542,1365,1222,2587
จังหวัดสระแก้ว,2542,3415,3258,6673
จังหวัดนครราชสีมา,2542,15893,14921,30814
จังหวัดบุรีรัมย์,2542,8283,8078,16361
จังหวัดสุรินทร์,2542,8397,7887,16284
จังหวัดศรีสะเกษ,2542,8495,8327,16822
จังหวัดอุบลราชธานี,2542,10707,10254,20961
จังหวัดยโสธร,2542,3451,3168,6619
จังหวัดชัยภูมิ,2542,5209,4977,10186
จังหวัดอำนาจเจริญ,2542,2207,2081,4288
จังหวัดหนองบัวลำภู,2542,2892,2787,5679
จังหวัดขอนแก่น,2542,11196,10574,21770
จังหวัดอุดรธานี,2542,11028,10413,21441
จังหวัดเลย,2542,3537,3348,6885
จังหวัดหนองคาย,2542,5442,5288,10730
จังหวัดมหาสารคาม,2542,4615,4251,8866
จังหวัดร้อยเอ็ด,2542,6785,6257,13042
จังหวัดกาฬสินธุ์,2542,4699,4473,9172
จังหวัดสกลนคร,2542,7507,6994,14501
จังหวัดนครพนม,2542,4599,4411,9010
จังหวัดมุกดาหาร,2542,2376,2271,4647
จังหวัดเชียงใหม่,2542,9267,8955,18222
จังหวัดลำพูน,2542,1419,1350,2769
จังหวัดลำปาง,2542,3451,3346,6797
จังหวัดอุตรดิตถ์,2542,2451,2308,4759
จังหวัดแพร่,2542,2139,1841,3980
จังหวัดน่าน,2542,2575,2541,5116
จังหวัดพะเยา,2542,2254,2239,4493
จังหวัดเชียงราย,2542,6533,6157,12690
จังหวัดแม่ฮ่องสอน,2542,1965,1774,3739
จังหวัดนครสวรรค์,2542,5527,5274,10801
จังหวัดอุทัยธานี,2542,1940,1794,3734
จังหวัดกำแพงเพชร,2542,3689,3608,7297
จังหวัดตาก,2542,4556,4187,8743
จังหวัดสุโขทัย,2542,2663,2420,5083
จังหวัดพิษณุโลก,2542,4788,4555,9343
จังหวัดพิจิตร,2542,2894,2736,5630
จังหวัดเพชรบูรณ์,2542,5174,4916,10090
จังหวัดราชบุรี,2542,5792,5371,11163
จังหวัดกาญจนบุรี,2542,4605,4247,8852
จังหวัดสุพรรณบุรี,2542,4516,4143,8659
จังหวัดนครปฐม,2542,5189,4848,10037
จังหวัดสมุทรสาคร,2542,4159,3803,7962
จังหวัดสมุทรสงคราม,2542,991,904,1895
จังหวัดเพชรบุรี,2542,2405,2343,4748
จังหวัดประจวบคีรีขันธ์,2542,3038,2772,5810
จังหวัดนครศรีธรรมราช,2542,10759,10133,20892
จังหวัดกระบี่,2542,3204,3039,6243
จังหวัดพังงา,2542,1836,1724,3560
จังหวัดภูเก็ต,2542,2839,2537,5376
จังหวัดสุราษฎร์ธานี,2542,7324,7077,14401
จังหวัดระนอง,2542,1285,1275,2560
จังหวัดชุมพร,2542,3313,3133,6446
จังหวัดสงขลา,2542,10557,9981,20538
จังหวัดสตูล,2542,2224,2037,4261
จังหวัดตรัง,2542,4266,4029,8295
จังหวัดพัทลุง,2542,2868,2596,5464
จังหวัดปัตตานี,2542,5327,4982,10309
จังหวัดยะลา,2542,4260,3894,8154
จังหวัดนราธิวาส,2542,6275,5940,12215
กรุงเทพมหานคร,2543,56725,53217,109942
จังหวัดสมุทรปราการ,2543,6808,6375,13183
จังหวัดนนทบุรี,2543,4619,4328,8947
จังหวัดปทุมธานี,2543,2544,2436,4980
จังหวัดพระนครศรีอยุธยา,2543,2806,2665,5471
จังหวัดอ่างทอง,2543,1321,1264,2585
จังหวัดลพบุรี,2543,4077,3867,7944
จังหวัดสิงห์บุรี,2543,1328,1216,2544
จังหวัดชัยนาท,2543,1207,1110,2317
จังหวัดสระบุรี,2543,4084,3777,7861
จังหวัดชลบุรี,2543,9531,9279,18810
จังหวัดระยอง,2543,3684,3620,7304
จังหวัดจันทบุรี,2543,3134,2960,6094
จังหวัดตราด,2543,1589,1448,3037
จังหวัดฉะเชิงเทรา,2543,3902,3764,7666
จังหวัดปราจีนบุรี,2543,3159,2862,6021
จังหวัดนครนายก,2543,1327,1277,2604
จังหวัดสระแก้ว,2543,3020,2863,5883
จังหวัดนครราชสีมา,2543,15400,14722,30122
จังหวัดบุรีรัมย์,2543,9479,8969,18448
จังหวัดสุรินทร์,2543,9115,8764,17879
จังหวัดศรีสะเกษ,2543,8671,8622,17293
จังหวัดอุบลราชธานี,2543,11949,11604,23553
จังหวัดยโสธร,2543,3080,2877,5957
จังหวัดชัยภูมิ,2543,5653,5414,11067
จังหวัดอำนาจเจริญ,2543,1933,1887,3820
จังหวัดหนองบัวลำภู,2543,2613,2495,5108
จังหวัดขอนแก่น,2543,11254,10624,21878
จังหวัดอุดรธานี,2543,10135,9596,19731
จังหวัดเลย,2543,3158,2915,6073
จังหวัดหนองคาย,2543,5920,5694,11614
จังหวัดมหาสารคาม,2543,4401,4189,8590
จังหวัดร้อยเอ็ด,2543,5783,5503,11286
จังหวัดกาฬสินธุ์,2543,5075,4941,10016
จังหวัดสกลนคร,2543,6697,6359,13056
จังหวัดนครพนม,2543,4537,4480,9017
จังหวัดมุกดาหาร,2543,2229,2084,4313
จังหวัดเชียงใหม่,2543,9695,9352,19047
จังหวัดลำพูน,2543,1322,1198,2520
จังหวัดลำปาง,2543,2330,2287,4617
จังหวัดอุตรดิตถ์,2543,2200,1988,4188
จังหวัดแพร่,2543,1853,1781,3634
จังหวัดน่าน,2543,2279,2154,4433
จังหวัดพะเยา,2543,1735,1714,3449
จังหวัดเชียงราย,2543,5601,5358,10959
จังหวัดแม่ฮ่องสอน,2543,1948,1844,3792
จังหวัดนครสวรรค์,2543,5508,5382,10890
จังหวัดอุทัยธานี,2543,1976,1780,3756
จังหวัดกำแพงเพชร,2543,3417,3363,6780
จังหวัดตาก,2543,4640,4336,8976
จังหวัดสุโขทัย,2543,2945,2754,5699
จังหวัดพิษณุโลก,2543,4068,3856,7924
จังหวัดพิจิตร,2543,3030,2797,5827
จังหวัดเพชรบูรณ์,2543,5227,4879,10106
จังหวัดราชบุรี,2543,6213,6082,12295
จังหวัดกาญจนบุรี,2543,4882,4613,9495
จังหวัดสุพรรณบุรี,2543,4767,4461,9228
จังหวัดนครปฐม,2543,5472,5187,10659
จังหวัดสมุทรสาคร,2543,4633,4284,8917
จังหวัดสมุทรสงคราม,2543,1030,1012,2042
จังหวัดเพชรบุรี,2543,2614,2534,5148
จังหวัดประจวบคีรีขันธ์,2543,3034,2929,5963
จังหวัดนครศรีธรรมราช,2543,9920,9605,19525
จังหวัดกระบี่,2543,3233,3048,6281
จังหวัดพังงา,2543,1662,1510,3172
จังหวัดภูเก็ต,2543,2863,2685,5548
จังหวัดสุราษฎร์ธานี,2543,7252,6824,14076
จังหวัดระนอง,2543,1247,1209,2456
จังหวัดชุมพร,2543,3593,3277,6870
จังหวัดสงขลา,2543,10791,10228,21019
จังหวัดสตูล,2543,2310,2123,4433
จังหวัดตรัง,2543,4061,3804,7865
จังหวัดพัทลุง,2543,3027,2789,5816
จังหวัดปัตตานี,2543,6451,6235,12686
จังหวัดยะลา,2543,5497,5035,10532
จังหวัดนราธิวาส,2543,6878,6503,13381
กรุงเทพมหานคร,2544,54455,51349,105804
จังหวัดสมุทรปราการ,2544,5059,4670,9729
จังหวัดนนทบุรี,2544,4764,4620,9384
จังหวัดปทุมธานี,2544,3525,3380,6905
จังหวัดพระนครศรีอยุธยา,2544,4411,4044,8455
จังหวัดอ่างทอง,2544,1230,1081,2311
จังหวัดลพบุรี,2544,4017,3763,7780
จังหวัดสิงห์บุรี,2544,1193,1202,2395
จังหวัดชัยนาท,2544,1134,1130,2264
จังหวัดสระบุรี,2544,3951,3566,7517
จังหวัดชลบุรี,2544,11234,10372,21606
จังหวัดระยอง,2544,3864,3578,7442
จังหวัดจันทบุรี,2544,3146,2949,6095
จังหวัดตราด,2544,1324,1189,2513
จังหวัดฉะเชิงเทรา,2544,3245,2942,6187
จังหวัดปราจีนบุรี,2544,2997,2753,5750
จังหวัดนครนายก,2544,1389,1314,2703
จังหวัดสระแก้ว,2544,3148,2909,6057
จังหวัดนครราชสีมา,2544,15119,14351,29470
จังหวัดบุรีรัมย์,2544,9605,8997,18602
จังหวัดสุรินทร์,2544,8295,7934,16229
จังหวัดศรีสะเกษ,2544,8495,7822,16317
จังหวัดอุบลราชธานี,2544,11820,11137,22957
จังหวัดยโสธร,2544,2990,2829,5819
จังหวัดชัยภูมิ,2544,5561,5172,10733
จังหวัดอำนาจเจริญ,2544,1970,1930,3900
จังหวัดหนองบัวลำภู,2544,2842,2749,5591
จังหวัดขอนแก่น,2544,10397,9920,20317
จังหวัดอุดรธานี,2544,9572,9161,18733
จังหวัดเลย,2544,3263,3164,6427
จังหวัดหนองคาย,2544,5367,5171,10538
จังหวัดมหาสารคาม,2544,4349,4040,8389
จังหวัดร้อยเอ็ด,2544,6412,5918,12330
จังหวัดกาฬสินธุ์,2544,4399,4342,8741
จังหวัดสกลนคร,2544,6955,6490,13445
จังหวัดนครพนม,2544,4355,4227,8582
จังหวัดมุกดาหาร,2544,2034,1917,3951
จังหวัดเชียงใหม่,2544,9441,8721,18162
จังหวัดลำพูน,2544,1541,1500,3041
จังหวัดลำปาง,2544,3106,2957,6063
จังหวัดอุตรดิตถ์,2544,2166,2013,4179
จังหวัดแพร่,2544,1728,1783,3511
จังหวัดน่าน,2544,2257,2092,4349
จังหวัดพะเยา,2544,2180,2027,4207
จังหวัดเชียงราย,2544,6048,5915,11963
จังหวัดแม่ฮ่องสอน,2544,2115,1929,4044
จังหวัดนครสวรรค์,2544,5386,5062,10448
จังหวัดอุทัยธานี,2544,1729,1573,3302
จังหวัดกำแพงเพชร,2544,3500,3273,6773
จังหวัดตาก,2544,4787,4518,9305
จังหวัดสุโขทัย,2544,2774,2603,5377
จังหวัดพิษณุโลก,2544,4334,4259,8593
จังหวัดพิจิตร,2544,2485,2313,4798
จังหวัดเพชรบูรณ์,2544,4667,4413,9080
จังหวัดราชบุรี,2544,5354,5111,10465
จังหวัดกาญจนบุรี,2544,4419,4181,8600
จังหวัดสุพรรณบุรี,2544,4239,3935,8174
จังหวัดนครปฐม,2544,5150,4724,9874
จังหวัดสมุทรสาคร,2544,4181,3965,8146
จังหวัดสมุทรสงคราม,2544,946,915,1861
จังหวัดเพชรบุรี,2544,2424,2289,4713
จังหวัดประจวบคีรีขันธ์,2544,3078,2744,5822
จังหวัดนครศรีธรรมราช,2544,9672,9244,18916
จังหวัดกระบี่,2544,3128,2892,6020
จังหวัดพังงา,2544,1625,1580,3205
จังหวัดภูเก็ต,2544,2660,2496,5156
จังหวัดสุราษฎร์ธานี,2544,6983,6743,13726
จังหวัดระนอง,2544,1107,994,2101
จังหวัดชุมพร,2544,3217,3000,6217
จังหวัดสงขลา,2544,10135,9604,19739
จังหวัดสตูล,2544,2155,2140,4295
จังหวัดตรัง,2544,4375,4081,8456
จังหวัดพัทลุง,2544,2879,2734,5613
จังหวัดปัตตานี,2544,6322,5986,12308
จังหวัดยะลา,2544,5286,5038,10324
จังหวัดนราธิวาส,2544,6780,6433,13213
กรุงเทพมหานคร,2545,56372,52977,109349
จังหวัดสมุทรปราการ,2545,5962,5635,11597
จังหวัดนนทบุรี,2545,4939,4516,9455
จังหวัดปทุมธานี,2545,4362,4137,8499
จังหวัดพระนครศรีอยุธยา,2545,4646,4251,8897
จังหวัดอ่างทอง,2545,1225,1089,2314
จังหวัดลพบุรี,2545,3907,3700,7607
จังหวัดสิงห์บุรี,2545,1209,1207,2416
จังหวัดชัยนาท,2545,1161,1110,2271
จังหวัดสระบุรี,2545,3909,3739,7648
จังหวัดชลบุรี,2545,11521,10858,22379
จังหวัดระยอง,2545,3895,3616,7511
จังหวัดจันทบุรี,2545,3023,2687,5710
จังหวัดตราด,2545,1283,1213,2496
จังหวัดฉะเชิงเทรา,2545,3239,3011,6250
จังหวัดปราจีนบุรี,2545,2933,2739,5672
จังหวัดนครนายก,2545,1433,1305,2738
จังหวัดสระแก้ว,2545,3023,2927,5950
จังหวัดนครราชสีมา,2545,14885,14233,29118
จังหวัดบุรีรัมย์,2545,9379,8889,18268
จังหวัดสุรินทร์,2545,8053,7511,15564
จังหวัดศรีสะเกษ,2545,7931,7582,15513
จังหวัดอุบลราชธานี,2545,11511,10833,22344
จังหวัดยโสธร,2545,2930,2661,5591
จังหวัดชัยภูมิ,2545,5156,4899,10055
จังหวัดอำนาจเจริญ,2545,2041,1858,3899
จังหวัดหนองบัวลำภู,2545,2882,2720,5602
จังหวัดขอนแก่น,2545,9994,9579,19573
จังหวัดอุดรธานี,2545,9668,9208,18876
จังหวัดเลย,2545,3248,3136,6384
จังหวัดหนองคาย,2545,4903,4632,9535
จังหวัดมหาสารคาม,2545,4220,3919,8139
จังหวัดร้อยเอ็ด,2545,5673,5378,11051
จังหวัดกาฬสินธุ์,2545,4718,4491,9209
จังหวัดสกลนคร,2545,5873,5771,11644
จังหวัดนครพนม,2545,4301,3881,8182
จังหวัดมุกดาหาร,2545,1923,1877,3800
จังหวัดเชียงใหม่,2545,9806,9216,19022
จังหวัดลำพูน,2545,1623,1543,3166
จังหวัดลำปาง,2545,3087,3018,6105
จังหวัดอุตรดิตถ์,2545,2356,2177,4533
จังหวัดแพร่,2545,1895,1782,3677
จังหวัดน่าน,2545,2228,2152,4380
จังหวัดพะเยา,2545,2012,1916,3928
จังหวัดเชียงราย,2545,5816,5463,11279
จังหวัดแม่ฮ่องสอน,2545,1958,1766,3724
จังหวัดนครสวรรค์,2545,5368,5191,10559
จังหวัดอุทัยธานี,2545,1796,1688,3484
จังหวัดกำแพงเพชร,2545,3491,3253,6744
จังหวัดตาก,2545,4871,4748,9619
จังหวัดสุโขทัย,2545,2726,2553,5279
จังหวัดพิษณุโลก,2545,4309,4109,8418
จังหวัดพิจิตร,2545,2482,2302,4784
จังหวัดเพชรบูรณ์,2545,4710,4562,9272
จังหวัดราชบุรี,2545,5682,5345,11027
จังหวัดกาญจนบุรี,2545,4936,4701,9637
จังหวัดสุพรรณบุรี,2545,4344,4157,8501
จังหวัดนครปฐม,2545,5374,5067,10441
จังหวัดสมุทรสาคร,2545,4917,4671,9588
จังหวัดสมุทรสงคราม,2545,944,905,1849
จังหวัดเพชรบุรี,2545,2483,2193,4676
จังหวัดประจวบคีรีขันธ์,2545,3004,2915,5919
จังหวัดนครศรีธรรมราช,2545,9483,9042,18525
จังหวัดกระบี่,2545,2881,2719,5600
จังหวัดพังงา,2545,1565,1436,3001
จังหวัดภูเก็ต,2545,3154,2845,5999
จังหวัดสุราษฎร์ธานี,2545,7379,6976,14355
จังหวัดระนอง,2545,1157,1064,2221
จังหวัดชุมพร,2545,3164,3031,6195
จังหวัดสงขลา,2545,10514,9855,20369
จังหวัดสตูล,2545,2331,2221,4552
จังหวัดตรัง,2545,4488,4105,8593
จังหวัดพัทลุง,2545,2881,2589,5470
จังหวัดปัตตานี,2545,6475,6282,12757
จังหวัดยะลา,2545,5449,4969,10418
จังหวัดนราธิวาส,2545,6688,6327,13015
กรุงเทพมหานคร,2546,57018,53101,110119
จังหวัดสมุทรปราการ,2546,6504,5836,12340
จังหวัดนนทบุรี,2546,4400,4211,8611
จังหวัดปทุมธานี,2546,4695,4381,9076
จังหวัดพระนครศรีอยุธยา,2546,4685,4300,8985
จังหวัดอ่างทอง,2546,1493,1415,2908
จังหวัดลพบุรี,2546,4044,3826,7870
จังหวัดสิงห์บุรี,2546,1256,1168,2424
จังหวัดชัยนาท,2546,1319,1238,2557
จังหวัดสระบุรี,2546,4479,4225,8704
จังหวัดชลบุรี,2546,12101,11398,23499
จังหวัดระยอง,2546,4462,4130,8592
จังหวัดจันทบุรี,2546,3189,3074,6263
จังหวัดตราด,2546,1355,1327,2682
จังหวัดฉะเชิงเทรา,2546,3824,3721,7545
จังหวัดปราจีนบุรี,2546,2887,2774,5661
จังหวัดนครนายก,2546,1497,1400,2897
จังหวัดสระแก้ว,2546,3247,2899,6146
จังหวัดนครราชสีมา,2546,15129,14359,29488
จังหวัดบุรีรัมย์,2546,8490,8214,16704
จังหวัดสุรินทร์,2546,8164,7517,15681
จังหวัดศรีสะเกษ,2546,7558,7149,14707
จังหวัดอุบลราชธานี,2546,11482,10925,22407
จังหวัดยโสธร,2546,2898,2746,5644
จังหวัดชัยภูมิ,2546,5312,5193,10505
จังหวัดอำนาจเจริญ,2546,1688,1661,3349
จังหวัดหนองบัวลำภู,2546,2805,2610,5415
จังหวัดขอนแก่น,2546,9958,9111,19069
จังหวัดอุดรธานี,2546,9421,8987,18408
จังหวัดเลย,2546,3479,3265,6744
จังหวัดหนองคาย,2546,5033,4968,10001
จังหวัดมหาสารคาม,2546,4074,3869,7943
จังหวัดร้อยเอ็ด,2546,5771,5587,11358
จังหวัดกาฬสินธุ์,2546,4769,4611,9380
จังหวัดสกลนคร,2546,6726,6386,13112
จังหวัดนครพนม,2546,3812,3638,7450
จังหวัดมุกดาหาร,2546,1878,1763,3641
จังหวัดเชียงใหม่,2546,9907,9328,19235
จังหวัดลำพูน,2546,1628,1508,3136
จังหวัดลำปาง,2546,3068,2798,5866
จังหวัดอุตรดิตถ์,2546,2243,2138,4381
จังหวัดแพร่,2546,1910,1757,3667
จังหวัดน่าน,2546,2135,2114,4249
จังหวัดพะเยา,2546,1967,1816,3783
จังหวัดเชียงราย,2546,5825,5398,11223
จังหวัดแม่ฮ่องสอน,2546,1775,1767,3542
จังหวัดนครสวรรค์,2546,5448,5076,10524
จังหวัดอุทัยธานี,2546,1680,1518,3198
จังหวัดกำแพงเพชร,2546,3564,3331,6895
จังหวัดตาก,2546,4835,4643,9478
จังหวัดสุโขทัย,2546,2805,2452,5257
จังหวัดพิษณุโลก,2546,4212,4132,8344
จังหวัดพิจิตร,2546,2567,2465,5032
จังหวัดเพชรบูรณ์,2546,4913,4664,9577
จังหวัดราชบุรี,2546,5880,5595,11475
จังหวัดกาญจนบุรี,2546,4983,4565,9548
จังหวัดสุพรรณบุรี,2546,4603,4295,8898
จังหวัดนครปฐม,2546,5635,5504,11139
จังหวัดสมุทรสาคร,2546,4625,4442,9067
จังหวัดสมุทรสงคราม,2546,943,846,1789
จังหวัดเพชรบุรี,2546,2518,2508,5026
จังหวัดประจวบคีรีขันธ์,2546,2990,2904,5894
จังหวัดนครศรีธรรมราช,2546,9355,8974,18329
จังหวัดกระบี่,2546,3099,2883,5982
จังหวัดพังงา,2546,1551,1505,3056
จังหวัดภูเก็ต,2546,3280,2970,6250
จังหวัดสุราษฎร์ธานี,2546,7225,6794,14019
จังหวัดระนอง,2546,1037,952,1989
จังหวัดชุมพร,2546,3206,2936,6142
จังหวัดสงขลา,2546,10394,9862,20256
จังหวัดสตูล,2546,2183,2140,4323
จังหวัดตรัง,2546,4316,3924,8240
จังหวัดพัทลุง,2546,2811,2671,5482
จังหวัดปัตตานี,2546,6513,6249,12762
จังหวัดยะลา,2546,5563,5113,10676
จังหวัดนราธิวาส,2546,6534,6297,12831
กรุงเทพมหานคร,2547,60444,56452,116896
จังหวัดสมุทรปราการ,2547,8134,7546,15680
จังหวัดนนทบุรี,2547,6082,5667,11749
จังหวัดปทุมธานี,2547,5972,5768,11740
จังหวัดพระนครศรีอยุธยา,2547,5168,4787,9955
จังหวัดอ่างทอง,2547,1496,1334,2830
จังหวัดลพบุรี,2547,4292,4108,8400
จังหวัดสิงห์บุรี,2547,1246,1235,2481
จังหวัดชัยนาท,2547,1357,1269,2626
จังหวัดสระบุรี,2547,4683,4454,9137
จังหวัดชลบุรี,2547,13232,12506,25738
จังหวัดระยอง,2547,4824,4615,9439
จังหวัดจันทบุรี,2547,3534,3341,6875
จังหวัดตราด,2547,1446,1359,2805
จังหวัดฉะเชิงเทรา,2547,4363,4109,8472
จังหวัดปราจีนบุรี,2547,3034,2926,5960
จังหวัดนครนายก,2547,1569,1596,3165
จังหวัดสระแก้ว,2547,3255,3023,6278
จังหวัดนครราชสีมา,2547,15202,14316,29518
จังหวัดบุรีรัมย์,2547,9418,8878,18296
จังหวัดสุรินทร์,2547,7993,7860,15853
จังหวัดศรีสะเกษ,2547,7693,7325,15018
จังหวัดอุบลราชธานี,2547,11823,11108,22931
จังหวัดยโสธร,2547,2745,2708,5453
จังหวัดชัยภูมิ,2547,5718,5293,11011
จังหวัดอำนาจเจริญ,2547,2088,1965,4053
จังหวัดหนองบัวลำภู,2547,2871,2710,5581
จังหวัดขอนแก่น,2547,10599,10045,20644
จังหวัดอุดรธานี,2547,9201,8878,18079
จังหวัดเลย,2547,3603,3440,7043
จังหวัดหนองคาย,2547,5381,5114,10495
จังหวัดมหาสารคาม,2547,4309,4263,8572
จังหวัดร้อยเอ็ด,2547,6093,5830,11923
จังหวัดกาฬสินธุ์,2547,5115,4763,9878
จังหวัดสกลนคร,2547,7298,6892,14190
จังหวัดนครพนม,2547,4106,4043,8149
จังหวัดมุกดาหาร,2547,1615,1647,3262
จังหวัดเชียงใหม่,2547,10346,9751,20097
จังหวัดลำพูน,2547,1729,1567,3296
จังหวัดลำปาง,2547,3108,2933,6041
จังหวัดอุตรดิตถ์,2547,2005,1915,3920
จังหวัดแพร่,2547,1877,1782,3659
จังหวัดน่าน,2547,2318,2186,4504
จังหวัดพะเยา,2547,2060,2068,4128
จังหวัดเชียงราย,2547,6201,5848,12049
จังหวัดแม่ฮ่องสอน,2547,2076,1968,4044
จังหวัดนครสวรรค์,2547,5703,5382,11085
จังหวัดอุทัยธานี,2547,1833,1740,3573
จังหวัดกำแพงเพชร,2547,3746,3516,7262
จังหวัดตาก,2547,4677,4475,9152
จังหวัดสุโขทัย,2547,2886,2718,5604
จังหวัดพิษณุโลก,2547,4332,3916,8248
จังหวัดพิจิตร,2547,2517,2314,4831
จังหวัดเพชรบูรณ์,2547,4953,4802,9755
จังหวัดราชบุรี,2547,4613,4476,9089
จังหวัดกาญจนบุรี,2547,5600,5369,10969
จังหวัดสุพรรณบุรี,2547,4943,4593,9536
จังหวัดนครปฐม,2547,6157,5779,11936
จังหวัดสมุทรสาคร,2547,5506,5180,10686
จังหวัดสมุทรสงคราม,2547,987,893,1880
จังหวัดเพชรบุรี,2547,2672,2662,5334
จังหวัดประจวบคีรีขันธ์,2547,3271,2980,6251
จังหวัดนครศรีธรรมราช,2547,9617,9074,18691
จังหวัดกระบี่,2547,3607,3397,7004
จังหวัดพังงา,2547,1672,1611,3283
จังหวัดภูเก็ต,2547,3273,3155,6428
จังหวัดสุราษฎร์ธานี,2547,7395,7258,14653
จังหวัดระนอง,2547,1116,1071,2187
จังหวัดชุมพร,2547,3324,3177,6501
จังหวัดสงขลา,2547,11027,10534,21561
จังหวัดสตูล,2547,2477,2346,4823
จังหวัดตรัง,2547,4527,4140,8667
จังหวัดพัทลุง,2547,2926,2754,5680
จังหวัดปัตตานี,2547,6290,5942,12232
จังหวัดยะลา,2547,5455,5011,10466
จังหวัดนราธิวาส,2547,6940,6373,13313
กรุงเทพมหานคร,2548,57775,54093,111868
จังหวัดสมุทรปราการ,2548,7830,7404,15234
จังหวัดนนทบุรี,2548,5896,5543,11439
จังหวัดปทุมธานี,2548,6365,5595,11960
จังหวัดพระนครศรีอยุธยา,2548,5056,4835,9891
จังหวัดอ่างทอง,2548,1520,1460,2980
จังหวัดลพบุรี,2548,4208,3962,8170
จังหวัดสิงห์บุรี,2548,1218,1275,2493
จังหวัดชัยนาท,2548,1408,1380,2788
จังหวัดสระบุรี,2548,4596,4268,8864
จังหวัดชลบุรี,2548,13685,12994,26679
จังหวัดระยอง,2548,4902,4762,9664
จังหวัดจันทบุรี,2548,3293,3100,6393
จังหวัดตราด,2548,1432,1306,2738
จังหวัดฉะเชิงเทรา,2548,3978,3994,7972
จังหวัดปราจีนบุรี,2548,2988,3004,5992
จังหวัดนครนายก,2548,1672,1603,3275
จังหวัดสระแก้ว,2548,3216,3024,6240
จังหวัดนครราชสีมา,2548,14624,13992,28616
จังหวัดบุรีรัมย์,2548,9225,8614,17839
จังหวัดสุรินทร์,2548,7961,7571,15532
จังหวัดศรีสะเกษ,2548,7504,7037,14541
จังหวัดอุบลราชธานี,2548,11328,10765,22093
จังหวัดยโสธร,2548,2597,2451,5048
จังหวัดชัยภูมิ,2548,5479,5223,10702
จังหวัดอำนาจเจริญ,2548,2009,1943,3952
จังหวัดหนองบัวลำภู,2548,2769,2678,5447
จังหวัดขอนแก่น,2548,10208,9724,19932
จังหวัดอุดรธานี,2548,9011,8513,17524
จังหวัดเลย,2548,3486,3355,6841
จังหวัดหนองคาย,2548,5296,4931,10227
จังหวัดมหาสารคาม,2548,4171,4144,8315
จังหวัดร้อยเอ็ด,2548,5985,5675,11660
จังหวัดกาฬสินธุ์,2548,4896,4674,9570
จังหวัดสกลนคร,2548,7121,6766,13887
จังหวัดนครพนม,2548,4171,3957,8128
จังหวัดมุกดาหาร,2548,1682,1679,3361
จังหวัดเชียงใหม่,2548,10074,9680,19754
จังหวัดลำพูน,2548,1717,1593,3310
จังหวัดลำปาง,2548,3092,2821,5913
จังหวัดอุตรดิตถ์,2548,2334,2143,4477
จังหวัดแพร่,2548,1869,1712,3581
จังหวัดน่าน,2548,2228,2054,4282
จังหวัดพะเยา,2548,2071,1883,3954
จังหวัดเชียงราย,2548,5886,5808,11694
จังหวัดแม่ฮ่องสอน,2548,1987,1774,3761
จังหวัดนครสวรรค์,2548,5438,5249,10687
จังหวัดอุทัยธานี,2548,1741,1688,3429
จังหวัดกำแพงเพชร,2548,3680,3352,7032
จังหวัดตาก,2548,5141,4962,10103
จังหวัดสุโขทัย,2548,2865,2564,5429
จังหวัดพิษณุโลก,2548,4538,4199,8737
จังหวัดพิจิตร,2548,2484,2383,4867
จังหวัดเพชรบูรณ์,2548,4724,4603,9327
จังหวัดราชบุรี,2548,5275,4989,10264
จังหวัดกาญจนบุรี,2548,5494,5118,10612
จังหวัดสุพรรณบุรี,2548,4720,4482,9202
จังหวัดนครปฐม,2548,5790,5347,11137
จังหวัดสมุทรสาคร,2548,5491,5106,10597
จังหวัดสมุทรสงคราม,2548,978,924,1902
จังหวัดเพชรบุรี,2548,2757,2644,5401
จังหวัดประจวบคีรีขันธ์,2548,3268,3061,6329
จังหวัดนครศรีธรรมราช,2548,9420,8799,18219
จังหวัดกระบี่,2548,3761,3596,7357
จังหวัดพังงา,2548,1647,1602,3249
จังหวัดภูเก็ต,2548,3527,3328,6855
จังหวัดสุราษฎร์ธานี,2548,7721,7231,14952
จังหวัดระนอง,2548,1144,1112,2256
จังหวัดชุมพร,2548,3244,3139,6383
จังหวัดสงขลา,2548,11122,10343,21465
จังหวัดสตูล,2548,2428,2337,4765
จังหวัดตรัง,2548,4645,4388,9033
จังหวัดพัทลุง,2548,2989,2786,5775
จังหวัดปัตตานี,2548,6249,5931,12180
จังหวัดยะลา,2548,5251,5162,10413
จังหวัดนราธิวาส,2548,6860,6409,13269
กรุงเทพมหานคร,2549,56923,53001,109924
จังหวัดสมุทรปราการ,2549,9649,8918,18567
จังหวัดนนทบุรี,2549,6019,5763,11782
จังหวัดปทุมธานี,2549,7831,7265,15096
จังหวัดพระนครศรีอยุธยา,2549,5002,4849,9851
จังหวัดอ่างทอง,2549,1475,1403,2878
จังหวัดลพบุรี,2549,3956,3827,7783
จังหวัดสิงห์บุรี,2549,1163,1074,2237
จังหวัดชัยนาท,2549,1460,1388,2848
จังหวัดสระบุรี,2549,4571,4260,8831
จังหวัดชลบุรี,2549,14310,13443,27753
จังหวัดระยอง,2549,4952,4731,9683
จังหวัดจันทบุรี,2549,3301,3139,6440
จังหวัดตราด,2549,1351,1254,2605
จังหวัดฉะเชิงเทรา,2549,4175,4094,8269
จังหวัดปราจีนบุรี,2549,3083,2846,5929
จังหวัดนครนายก,2549,1541,1431,2972
จังหวัดสระแก้ว,2549,3075,2921,5996
จังหวัดนครราชสีมา,2549,14101,13203,27304
จังหวัดบุรีรัมย์,2549,8666,7866,16532
จังหวัดสุรินทร์,2549,7388,6931,14319
จังหวัดศรีสะเกษ,2549,7396,6871,14267
จังหวัดอุบลราชธานี,2549,10810,10251,21061
จังหวัดยโสธร,2549,2484,2379,4863
จังหวัดชัยภูมิ,2549,5330,4994,10324
จังหวัดอำนาจเจริญ,2549,1993,1820,3813
จังหวัดหนองบัวลำภู,2549,2760,2621,5381
จังหวัดขอนแก่น,2549,9943,9390,19333
จังหวัดอุดรธานี,2549,8720,8328,17048
จังหวัดเลย,2549,3444,3219,6663
จังหวัดหนองคาย,2549,5076,4863,9939
จังหวัดมหาสารคาม,2549,4128,3868,7996
จังหวัดร้อยเอ็ด,2549,5763,5359,11122
จังหวัดกาฬสินธุ์,2549,4748,4478,9226
จังหวัดสกลนคร,2549,7024,6463,13487
จังหวัดนครพนม,2549,3990,3854,7844
จังหวัดมุกดาหาร,2549,1996,1858,3854
จังหวัดเชียงใหม่,2549,10470,9680,20150
จังหวัดลำพูน,2549,1741,1580,3321
จังหวัดลำปาง,2549,2794,2636,5430
จังหวัดอุตรดิตถ์,2549,2180,1960,4140
จังหวัดแพร่,2549,1662,1655,3317
จังหวัดน่าน,2549,2218,2130,4348
จังหวัดพะเยา,2549,1973,1898,3871
จังหวัดเชียงราย,2549,5818,5590,11408
จังหวัดแม่ฮ่องสอน,2549,1921,1798,3719
จังหวัดนครสวรรค์,2549,5423,5143,10566
จังหวัดอุทัยธานี,2549,1774,1655,3429
จังหวัดกำแพงเพชร,2549,3370,3265,6635
จังหวัดตาก,2549,4399,4292,8691
จังหวัดสุโขทัย,2549,2768,2478,5246
จังหวัดพิษณุโลก,2549,4419,4150,8569
จังหวัดพิจิตร,2549,2503,2430,4933
จังหวัดเพชรบูรณ์,2549,4719,4313,9032
จังหวัดราชบุรี,2549,5898,5499,11397
จังหวัดกาญจนบุรี,2549,5370,4916,10286
จังหวัดสุพรรณบุรี,2549,4684,4490,9174
จังหวัดนครปฐม,2549,4881,4724,9605
จังหวัดสมุทรสาคร,2549,6220,5756,11976
จังหวัดสมุทรสงคราม,2549,903,762,1665
จังหวัดเพชรบุรี,2549,2862,2602,5464
จังหวัดประจวบคีรีขันธ์,2549,3338,2983,6321
จังหวัดนครศรีธรรมราช,2549,9339,8938,18277
จังหวัดกระบี่,2549,3762,3418,7180
จังหวัดพังงา,2549,1751,1655,3406
จังหวัดภูเก็ต,2549,3615,3258,6873
จังหวัดสุราษฎร์ธานี,2549,7699,7378,15077
จังหวัดระนอง,2549,1134,1115,2249
จังหวัดชุมพร,2549,3205,3016,6221
จังหวัดสงขลา,2549,10974,10300,21274
จังหวัดสตูล,2549,2426,2305,4731
จังหวัดตรัง,2549,4785,4479,9264
จังหวัดพัทลุง,2549,2924,2839,5763
จังหวัดปัตตานี,2549,6214,5899,12113
จังหวัดยะลา,2549,5380,5035,10415
จังหวัดนราธิวาส,2549,6936,6632,13568
กรุงเทพมหานคร,2550,57296,53238,110534
จังหวัดสมุทรปราการ,2550,8273,7710,15983
จังหวัดนนทบุรี,2550,6114,5648,11762
จังหวัดปทุมธานี,2550,6882,6356,13238
จังหวัดพระนครศรีอยุธยา,2550,5454,5017,10471
จังหวัดอ่างทอง,2550,1601,1497,3098
จังหวัดลพบุรี,2550,4151,3777,7928
จังหวัดสิงห์บุรี,2550,1202,1169,2371
จังหวัดชัยนาท,2550,1553,1475,3028
จังหวัดสระบุรี,2550,4675,4391,9066
จังหวัดชลบุรี,2550,14625,13900,28525
จังหวัดระยอง,2550,5109,4910,10019
จังหวัดจันทบุรี,2550,3311,3180,6491
จังหวัดตราด,2550,1378,1310,2688
จังหวัดฉะเชิงเทรา,2550,4433,4229,8662
จังหวัดปราจีนบุรี,2550,3124,3034,6158
จังหวัดนครนายก,2550,1799,1604,3403
จังหวัดสระแก้ว,2550,3048,3024,6072
จังหวัดนครราชสีมา,2550,14454,13481,27935
จังหวัดบุรีรัมย์,2550,8592,8136,16728
จังหวัดสุรินทร์,2550,7376,7174,14550
จังหวัดศรีสะเกษ,2550,7349,7142,14491
จังหวัดอุบลราชธานี,2550,10955,10306,21261
จังหวัดยโสธร,2550,2590,2433,5023
จังหวัดชัยภูมิ,2550,5635,5204,10839
จังหวัดอำนาจเจริญ,2550,1959,1816,3775
จังหวัดหนองบัวลำภู,2550,2687,2516,5203
จังหวัดขอนแก่น,2550,10109,9440,19549
จังหวัดอุดรธานี,2550,8679,8185,16864
จังหวัดเลย,2550,3420,3330,6750
จังหวัดหนองคาย,2550,5013,4915,9928
จังหวัดมหาสารคาม,2550,4165,3921,8086
จังหวัดร้อยเอ็ด,2550,5713,5546,11259
จังหวัดกาฬสินธุ์,2550,4884,4619,9503
จังหวัดสกลนคร,2550,6874,6597,13471
จังหวัดนครพนม,2550,3948,3813,7761
จังหวัดมุกดาหาร,2550,2026,1894,3920
จังหวัดเชียงใหม่,2550,9873,9066,18939
จังหวัดลำพูน,2550,1785,1607,3392
จังหวัดลำปาง,2550,2735,2720,5455
จังหวัดอุตรดิตถ์,2550,2154,2073,4227
จังหวัดแพร่,2550,1758,1711,3469
จังหวัดน่าน,2550,2251,2110,4361
จังหวัดพะเยา,2550,2039,1862,3901
จังหวัดเชียงราย,2550,5840,5595,11435
จังหวัดแม่ฮ่องสอน,2550,1864,1730,3594
จังหวัดนครสวรรค์,2550,5556,5326,10882
จังหวัดอุทัยธานี,2550,1811,1724,3535
จังหวัดกำแพงเพชร,2550,3522,3299,6821
จังหวัดตาก,2550,4298,3989,8287
จังหวัดสุโขทัย,2550,2762,2632,5394
จังหวัดพิษณุโลก,2550,4457,4226,8683
จังหวัดพิจิตร,2550,2654,2409,5063
จังหวัดเพชรบูรณ์,2550,4809,4432,9241
จังหวัดราชบุรี,2550,6026,5677,11703
จังหวัดกาญจนบุรี,2550,5513,5218,10731
จังหวัดสุพรรณบุรี,2550,4790,4543,9333
จังหวัดนครปฐม,2550,5627,5210,10837
จังหวัดสมุทรสาคร,2550,5393,5112,10505
จังหวัดสมุทรสงคราม,2550,764,704,1468
จังหวัดเพชรบุรี,2550,2900,2796,5696
จังหวัดประจวบคีรีขันธ์,2550,3313,3191,6504
จังหวัดนครศรีธรรมราช,2550,9744,9292,19036
จังหวัดกระบี่,2550,3952,3632,7584
จังหวัดพังงา,2550,1719,1696,3415
จังหวัดภูเก็ต,2550,3847,3570,7417
จังหวัดสุราษฎร์ธานี,2550,8744,8008,16752
จังหวัดระนอง,2550,1086,1097,2183
จังหวัดชุมพร,2550,3327,3133,6460
จังหวัดสงขลา,2550,11104,10480,21584
จังหวัดสตูล,2550,2445,2340,4785
จังหวัดตรัง,2550,4619,4498,9117
จังหวัดพัทลุง,2550,3045,2923,5968
จังหวัดปัตตานี,2550,6577,6135,12712
จังหวัดยะลา,2550,5490,5222,10712
จังหวัดนราธิวาส,2550,7134,6676,13810
กรุงเทพมหานคร,2551,55213,51566,106779
จังหวัดสมุทรปราการ,2551,7994,7616,15610
จังหวัดนนทบุรี,2551,6015,5651,11666
จังหวัดปทุมธานี,2551,6704,6358,13062
จังหวัดพระนครศรีอยุธยา,2551,5284,5005,10289
จังหวัดอ่างทอง,2551,1551,1489,3040
จังหวัดลพบุรี,2551,4042,3759,7801
จังหวัดสิงห์บุรี,2551,1179,1101,2280
จังหวัดชัยนาท,2551,1514,1394,2908
จังหวัดสระบุรี,2551,4487,4211,8698
จังหวัดชลบุรี,2551,15010,14059,29069
จังหวัดระยอง,2551,5425,4919,10344
จังหวัดจันทบุรี,2551,3260,3185,6445
จังหวัดตราด,2551,1416,1317,2733
จังหวัดฉะเชิงเทรา,2551,4419,4058,8477
จังหวัดปราจีนบุรี,2551,3140,3028,6168
จังหวัดนครนายก,2551,1827,1622,3449
จังหวัดสระแก้ว,2551,3179,3040,6219
จังหวัดนครราชสีมา,2551,14391,13960,28351
จังหวัดบุรีรัมย์,2551,8545,7994,16539
จังหวัดสุรินทร์,2551,7091,6810,13901
จังหวัดศรีสะเกษ,2551,7142,6670,13812
จังหวัดอุบลราชธานี,2551,10754,10383,21137
จังหวัดยโสธร,2551,2570,2385,4955
จังหวัดชัยภูมิ,2551,5307,5043,10350
จังหวัดอำนาจเจริญ,2551,1877,1877,3754
จังหวัดหนองบัวลำภู,2551,2641,2512,5153
จังหวัดขอนแก่น,2551,10000,9176,19176
จังหวัดอุดรธานี,2551,8470,8189,16659
จังหวัดเลย,2551,3364,3244,6608
จังหวัดหนองคาย,2551,5078,4769,9847
จังหวัดมหาสารคาม,2551,4032,3804,7836
จังหวัดร้อยเอ็ด,2551,5364,5166,10530
จังหวัดกาฬสินธุ์,2551,4702,4416,9118
จังหวัดสกลนคร,2551,6944,6578,13522
จังหวัดนครพนม,2551,3721,3626,7347
จังหวัดมุกดาหาร,2551,1979,1849,3828
จังหวัดเชียงใหม่,2551,9510,8863,18373
จังหวัดลำพูน,2551,1743,1650,3393
จังหวัดลำปาง,2551,2589,2560,5149
จังหวัดอุตรดิตถ์,2551,2077,1907,3984
จังหวัดแพร่,2551,1746,1573,3319
จังหวัดน่าน,2551,2185,1964,4149
จังหวัดพะเยา,2551,1881,1795,3676
จังหวัดเชียงราย,2551,5820,5449,11269
จังหวัดแม่ฮ่องสอน,2551,1796,1656,3452
จังหวัดนครสวรรค์,2551,5478,4960,10438
จังหวัดอุทัยธานี,2551,1802,1648,3450
จังหวัดกำแพงเพชร,2551,3357,3197,6554
จังหวัดตาก,2551,5336,4941,10277
จังหวัดสุโขทัย,2551,2654,2451,5105
จังหวัดพิษณุโลก,2551,4288,4208,8496
จังหวัดพิจิตร,2551,2583,2438,5021
จังหวัดเพชรบูรณ์,2551,4622,4283,8905
จังหวัดราชบุรี,2551,5741,5467,11208
จังหวัดกาญจนบุรี,2551,5244,5057,10301
จังหวัดสุพรรณบุรี,2551,4735,4314,9049
จังหวัดนครปฐม,2551,5246,4963,10209
จังหวัดสมุทรสาคร,2551,5455,5048,10503
จังหวัดสมุทรสงคราม,2551,672,679,1351
จังหวัดเพชรบุรี,2551,2752,2537,5289
จังหวัดประจวบคีรีขันธ์,2551,3394,3125,6519
จังหวัดนครศรีธรรมราช,2551,9598,9050,18648
จังหวัดกระบี่,2551,3886,3725,7611
จังหวัดพังงา,2551,1820,1663,3483
จังหวัดภูเก็ต,2551,3881,3783,7664
จังหวัดสุราษฎร์ธานี,2551,8527,7869,16396
จังหวัดระนอง,2551,1040,1023,2063
จังหวัดชุมพร,2551,3310,3098,6408
จังหวัดสงขลา,2551,11033,10251,21284
จังหวัดสตูล,2551,2521,2322,4843
จังหวัดตรัง,2551,4647,4346,8993
จังหวัดพัทลุง,2551,3086,2950,6036
จังหวัดปัตตานี,2551,6551,6029,12580
จังหวัดยะลา,2551,5300,5170,10470
จังหวัดนราธิวาส,2551,7200,6778,13978
กรุงเทพมหานคร,2552,54213,50722,104935
จังหวัดสมุทรปราการ,2552,7735,7150,14885
จังหวัดนนทบุรี,2552,5809,5406,11215
จังหวัดปทุมธานี,2552,6246,5821,12067
จังหวัดพระนครศรีอยุธยา,2552,5003,4787,9790
จังหวัดอ่างทอง,2552,1532,1489,3021
จังหวัดลพบุรี,2552,4003,3761,7764
จังหวัดสิงห์บุรี,2552,1235,1116,2351
จังหวัดชัยนาท,2552,1526,1486,3012
จังหวัดสระบุรี,2552,4329,4160,8489
จังหวัดชลบุรี,2552,14690,13805,28495
จังหวัดระยอง,2552,5445,4966,10411
จังหวัดจันทบุรี,2552,3376,3159,6535
จังหวัดตราด,2552,1319,1198,2517
จังหวัดฉะเชิงเทรา,2552,4441,4113,8554
จังหวัดปราจีนบุรี,2552,3031,2901,5932
จังหวัดนครนายก,2552,1812,1694,3506
จังหวัดสระแก้ว,2552,3088,3094,6182
จังหวัดนครราชสีมา,2552,14237,13480,27717
จังหวัดบุรีรัมย์,2552,8568,7979,16547
จังหวัดสุรินทร์,2552,7164,6777,13941
จังหวัดศรีสะเกษ,2552,7085,6820,13905
จังหวัดอุบลราชธานี,2552,10936,10242,21178
จังหวัดยโสธร,2552,2378,2350,4728
จังหวัดชัยภูมิ,2552,5607,5160,10767
จังหวัดอำนาจเจริญ,2552,1814,1783,3597
จังหวัดหนองบัวลำภู,2552,2668,2465,5133
จังหวัดขอนแก่น,2552,9989,9532,19521
จังหวัดอุดรธานี,2552,8725,8176,16901
จังหวัดเลย,2552,3502,3264,6766
จังหวัดหนองคาย,2552,4973,4580,9553
จังหวัดมหาสารคาม,2552,4039,3862,7901
จังหวัดร้อยเอ็ด,2552,5446,5204,10650
จังหวัดกาฬสินธุ์,2552,4578,4401,8979
จังหวัดสกลนคร,2552,6811,6575,13386
จังหวัดนครพนม,2552,3582,3543,7125
จังหวัดมุกดาหาร,2552,1928,1822,3750
จังหวัดเชียงใหม่,2552,9333,8784,18117
จังหวัดลำพูน,2552,1708,1549,3257
จังหวัดลำปาง,2552,2628,2486,5114
จังหวัดอุตรดิตถ์,2552,2090,1858,3948
จังหวัดแพร่,2552,1704,1596,3300
จังหวัดน่าน,2552,2156,1975,4131
จังหวัดพะเยา,2552,1975,1700,3675
จังหวัดเชียงราย,2552,5880,5404,11284
จังหวัดแม่ฮ่องสอน,2552,1781,1742,3523
จังหวัดนครสวรรค์,2552,5506,5218,10724
จังหวัดอุทัยธานี,2552,1699,1606,3305
จังหวัดกำแพงเพชร,2552,3370,3110,6480
จังหวัดตาก,2552,4513,4138,8651
จังหวัดสุโขทัย,2552,2774,2578,5352
จังหวัดพิษณุโลก,2552,4460,4260,8720
จังหวัดพิจิตร,2552,2713,2502,5215
จังหวัดเพชรบูรณ์,2552,4438,4286,8724
จังหวัดราชบุรี,2552,5624,5313,10937
จังหวัดกาญจนบุรี,2552,5164,4847,10011
จังหวัดสุพรรณบุรี,2552,4818,4538,9356
จังหวัดนครปฐม,2552,4890,4701,9591
จังหวัดสมุทรสาคร,2552,5243,4918,10161
จังหวัดสมุทรสงคราม,2552,732,633,1365
จังหวัดเพชรบุรี,2552,2711,2411,5122
จังหวัดประจวบคีรีขันธ์,2552,3341,3091,6432
จังหวัดนครศรีธรรมราช,2552,9768,8974,18742
จังหวัดกระบี่,2552,3936,3742,7678
จังหวัดพังงา,2552,1747,1578,3325
จังหวัดภูเก็ต,2552,3901,3734,7635
จังหวัดสุราษฎร์ธานี,2552,8480,7991,16471
จังหวัดระนอง,2552,1161,1050,2211
จังหวัดชุมพร,2552,3350,3100,6450
จังหวัดสงขลา,2552,10868,10181,21049
จังหวัดสตูล,2552,2537,2367,4904
จังหวัดตรัง,2552,4592,4240,8832
จังหวัดพัทลุง,2552,2949,2910,5859
จังหวัดปัตตานี,2552,6336,6123,12459
จังหวัดยะลา,2552,5353,5117,10470
จังหวัดนราธิวาส,2552,6878,6575,13453
กรุงเทพมหานคร,2553,51562,48166,99728
จังหวัดสมุทรปราการ,2553,7902,7086,14988
จังหวัดนนทบุรี,2553,5762,5569,11331
จังหวัดปทุมธานี,2553,6246,5855,12101
จังหวัดพระนครศรีอยุธยา,2553,4843,4599,9442
จังหวัดอ่างทอง,2553,1423,1466,2889
จังหวัดลพบุรี,2553,3793,3635,7428
จังหวัดสิงห์บุรี,2553,1146,1036,2182
จังหวัดชัยนาท,2553,1572,1430,3002
จังหวัดสระบุรี,2553,4167,3998,8165
จังหวัดชลบุรี,2553,14280,13423,27703
จังหวัดระยอง,2553,5161,4707,9868
จังหวัดจันทบุรี,2553,3209,3107,6316
จังหวัดตราด,2553,1274,1178,2452
จังหวัดฉะเชิงเทรา,2553,4200,3983,8183
จังหวัดปราจีนบุรี,2553,3059,2824,5883
จังหวัดนครนายก,2553,1694,1627,3321
จังหวัดสระแก้ว,2553,3107,2979,6086
จังหวัดนครราชสีมา,2553,13677,13056,26733
จังหวัดบุรีรัมย์,2553,8392,7938,16330
จังหวัดสุรินทร์,2553,7160,6713,13873
จังหวัดศรีสะเกษ,2553,7039,6766,13805
จังหวัดอุบลราชธานี,2553,10634,10107,20741
จังหวัดยโสธร,2553,2417,2306,4723
จังหวัดชัยภูมิ,2553,5284,5030,10314
จังหวัดอำนาจเจริญ,2553,1878,1772,3650
จังหวัดหนองบัวลำภู,2553,2626,2374,5000
จังหวัดขอนแก่น,2553,9771,9276,19047
จังหวัดอุดรธานี,2553,8389,8052,16441
จังหวัดเลย,2553,3393,3277,6670
จังหวัดหนองคาย,2553,4923,4578,9501
จังหวัดมหาสารคาม,2553,3823,3758,7581
จังหวัดร้อยเอ็ด,2553,5372,5034,10406
จังหวัดกาฬสินธุ์,2553,4663,4445,9108
จังหวัดสกลนคร,2553,6551,6405,12956
จังหวัดนครพนม,2553,3510,3296,6806
จังหวัดมุกดาหาร,2553,1879,1761,3640
จังหวัดเชียงใหม่,2553,9274,8819,18093
จังหวัดลำพูน,2553,1734,1622,3356
จังหวัดลำปาง,2553,2547,2428,4975
จังหวัดอุตรดิตถ์,2553,1992,1938,3930
จังหวัดแพร่,2553,1695,1583,3278
จังหวัดน่าน,2553,2040,2019,4059
จังหวัดพะเยา,2553,1878,1778,3656
จังหวัดเชียงราย,2553,5762,5573,11335
จังหวัดแม่ฮ่องสอน,2553,1835,1714,3549
จังหวัดนครสวรรค์,2553,5318,5154,10472
จังหวัดอุทัยธานี,2553,1569,1579,3148
จังหวัดกำแพงเพชร,2553,3058,2890,5948
จังหวัดตาก,2553,4524,4283,8807
จังหวัดสุโขทัย,2553,2675,2487,5162
จังหวัดพิษณุโลก,2553,4435,4138,8573
จังหวัดพิจิตร,2553,2725,2511,5236
จังหวัดเพชรบูรณ์,2553,4334,4090,8424
จังหวัดราชบุรี,2553,5254,5105,10359
จังหวัดกาญจนบุรี,2553,5102,4738,9840
จังหวัดสุพรรณบุรี,2553,4569,4368,8937
จังหวัดนครปฐม,2553,4692,4409,9101
จังหวัดสมุทรสาคร,2553,5070,4667,9737
จังหวัดสมุทรสงคราม,2553,710,602,1312
จังหวัดเพชรบุรี,2553,2584,2422,5006
จังหวัดประจวบคีรีขันธ์,2553,3185,3056,6241
จังหวัดนครศรีธรรมราช,2553,9394,8822,18216
จังหวัดกระบี่,2553,3842,3406,7248
จังหวัดพังงา,2553,1559,1471,3030
จังหวัดภูเก็ต,2553,3980,3573,7553
จังหวัดสุราษฎร์ธานี,2553,7865,7552,15417
จังหวัดระนอง,2553,1111,1045,2156
จังหวัดชุมพร,2553,3223,3006,6229
จังหวัดสงขลา,2553,10666,9976,20642
จังหวัดสตูล,2553,2439,2261,4700
จังหวัดตรัง,2553,4327,4107,8434
จังหวัดพัทลุง,2553,2800,2704,5504
จังหวัดปัตตานี,2553,6500,5974,12474
จังหวัดยะลา,2553,5368,5119,10487
จังหวัดนราธิวาส,2553,6925,6428,13353
กรุงเทพมหานคร,2554,51807,48524,100331
จังหวัดสมุทรปราการ,2554,8525,7960,16485
จังหวัดนนทบุรี,2554,5927,5498,11425
จังหวัดปทุมธานี,2554,5563,5137,10700
จังหวัดพระนครศรีอยุธยา,2554,4485,4166,8651
จังหวัดอ่างทอง,2554,1530,1440,2970
จังหวัดลพบุรี,2554,4147,3775,7922
จังหวัดสิงห์บุรี,2554,1170,1137,2307
จังหวัดชัยนาท,2554,1514,1412,2926
จังหวัดสระบุรี,2554,4516,4208,8724
จังหวัดชลบุรี,2554,15495,14395,29890
จังหวัดระยอง,2554,5342,4986,10328
จังหวัดจันทบุรี,2554,3509,3234,6743
จังหวัดตราด,2554,1294,1287,2581
จังหวัดฉะเชิงเทรา,2554,4519,4109,8628
จังหวัดปราจีนบุรี,2554,3101,3037,6138
จังหวัดนครนายก,2554,2032,1868,3900
จังหวัดสระแก้ว,2554,3170,3044,6214
จังหวัดนครราชสีมา,2554,14757,13916,28673
จังหวัดบุรีรัมย์,2554,8731,8359,17090
จังหวัดสุรินทร์,2554,7426,7042,14468
จังหวัดศรีสะเกษ,2554,7405,6800,14205
จังหวัดอุบลราชธานี,2554,11197,10596,21793
จังหวัดยโสธร,2554,2541,2448,4989
จังหวัดชัยภูมิ,2554,5407,5100,10507
จังหวัดอำนาจเจริญ,2554,1975,1880,3855
จังหวัดบึงกาฬ,2554,2026,1969,3995
จังหวัดหนองบัวลำภู,2554,2661,2532,5193
จังหวัดขอนแก่น,2554,10335,9899,20234
จังหวัดอุดรธานี,2554,8969,8374,17343
จังหวัดเลย,2554,3587,3503,7090
จังหวัดหนองคาย,2554,3283,3155,6438
จังหวัดมหาสารคาม,2554,4041,3771,7812
จังหวัดร้อยเอ็ด,2554,5690,5489,11179
จังหวัดกาฬสินธุ์,2554,4719,4325,9044
จังหวัดสกลนคร,2554,6927,6608,13535
จังหวัดนครพนม,2554,3543,3411,6954
จังหวัดมุกดาหาร,2554,1975,1879,3854
จังหวัดเชียงใหม่,2554,9711,9028,18739
จังหวัดลำพูน,2554,1651,1650,3301
จังหวัดลำปาง,2554,2565,2463,5028
จังหวัดอุตรดิตถ์,2554,2038,1913,3951
จังหวัดแพร่,2554,1745,1673,3418
จังหวัดน่าน,2554,2167,1999,4166
จังหวัดพะเยา,2554,1988,1857,3845
จังหวัดเชียงราย,2554,6100,5692,11792
จังหวัดแม่ฮ่องสอน,2554,1812,1646,3458
จังหวัดนครสวรรค์,2554,5431,5141,10572
จังหวัดอุทัยธานี,2554,1726,1594,3320
จังหวัดกำแพงเพชร,2554,3363,3160,6523
จังหวัดตาก,2554,4478,4231,8709
จังหวัดสุโขทัย,2554,2670,2537,5207
จังหวัดพิษณุโลก,2554,4536,4459,8995
จังหวัดพิจิตร,2554,2739,2546,5285
จังหวัดเพชรบูรณ์,2554,4591,4270,8861
จังหวัดราชบุรี,2554,5576,5448,11024
จังหวัดกาญจนบุรี,2554,5155,4950,10105
จังหวัดสุพรรณบุรี,2554,4670,4482,9152
จังหวัดนครปฐม,2554,4853,4623,9476
จังหวัดสมุทรสาคร,2554,5569,5378,10947
จังหวัดสมุทรสงคราม,2554,726,688,1414
จังหวัดเพชรบุรี,2554,2554,2495,5049
จังหวัดประจวบคีรีขันธ์,2554,3573,3169,6742
จังหวัดนครศรีธรรมราช,2554,9802,9094,18896
จังหวัดกระบี่,2554,3836,3672,7508
จังหวัดพังงา,2554,1722,1558,3280
จังหวัดภูเก็ต,2554,4266,4051,8317
จังหวัดสุราษฎร์ธานี,2554,8253,7819,16072
จังหวัดระนอง,2554,1128,1084,2212
จังหวัดชุมพร,2554,3398,3152,6550
จังหวัดสงขลา,2554,11375,10587,21962
จังหวัดสตูล,2554,2574,2285,4859
จังหวัดตรัง,2554,4576,4335,8911
จังหวัดพัทลุง,2554,2871,2639,5510
จังหวัดปัตตานี,2554,6545,6182,12727
จังหวัดยะลา,2554,5769,5353,11122
จังหวัดนราธิวาส,2554,7281,6691,13972
กรุงเทพมหานคร,2555,54362,51210,105572
จังหวัดสมุทรปราการ,2555,8945,8306,17251
จังหวัดนนทบุรี,2555,5988,5736,11724
จังหวัดปทุมธานี,2555,6212,5836,12048
จังหวัดพระนครศรีอยุธยา,2555,4720,4339,9059
จังหวัดอ่างทอง,2555,1454,1425,2879
จังหวัดลพบุรี,2555,3970,3837,7807
จังหวัดสิงห์บุรี,2555,1122,1057,2179
จังหวัดชัยนาท,2555,1489,1490,2979
จังหวัดสระบุรี,2555,4468,4120,8588
จังหวัดชลบุรี,2555,16095,15115,31210
จังหวัดระยอง,2555,5339,5032,10371
จังหวัดจันทบุรี,2555,3570,3304,6874
จังหวัดตราด,2555,1434,1302,2736
จังหวัดฉะเชิงเทรา,2555,4630,4324,8954
จังหวัดปราจีนบุรี,2555,3201,2874,6075
จังหวัดนครนายก,2555,1908,1845,3753
จังหวัดสระแก้ว,2555,3131,3006,6137
จังหวัดนครราชสีมา,2555,14833,13790,28623
จังหวัดบุรีรัมย์,2555,8655,7982,16637
จังหวัดสุรินทร์,2555,7471,7209,14680
จังหวัดศรีสะเกษ,2555,7310,7065,14375
จังหวัดอุบลราชธานี,2555,11194,10609,21803
จังหวัดยโสธร,2555,2509,2486,4995
จังหวัดชัยภูมิ,2555,5554,5194,10748
จังหวัดอำนาจเจริญ,2555,1849,1778,3627
จังหวัดบึงกาฬ,2555,2704,2637,5341
จังหวัดหนองบัวลำภู,2555,2758,2515,5273
จังหวัดขอนแก่น,2555,10847,10167,21014
จังหวัดอุดรธานี,2555,8893,8552,17445
จังหวัดเลย,2555,3873,3563,7436
จังหวัดหนองคาย,2555,2831,2666,5497
จังหวัดมหาสารคาม,2555,4048,3886,7934
จังหวัดร้อยเอ็ด,2555,5740,5460,11200
จังหวัดกาฬสินธุ์,2555,4816,4591,9407
จังหวัดสกลนคร,2555,7075,6774,13849
จังหวัดนครพนม,2555,3587,3384,6971
จังหวัดมุกดาหาร,2555,2153,1966,4119
จังหวัดเชียงใหม่,2555,10449,9948,20397
จังหวัดลำพูน,2555,1813,1762,3575
จังหวัดลำปาง,2555,2764,2575,5339
จังหวัดอุตรดิตถ์,2555,2075,1914,3989
จังหวัดแพร่,2555,1663,1666,3329
จังหวัดน่าน,2555,2178,2095,4273
จังหวัดพะเยา,2555,2017,1965,3982
จังหวัดเชียงราย,2555,6476,5926,12402
จังหวัดแม่ฮ่องสอน,2555,1705,1647,3352
จังหวัดนครสวรรค์,2555,5557,5256,10813
จังหวัดอุทัยธานี,2555,1658,1605,3263
จังหวัดกำแพงเพชร,2555,3309,3090,6399
จังหวัดตาก,2555,4636,4370,9006
จังหวัดสุโขทัย,2555,2703,2453,5156
จังหวัดพิษณุโลก,2555,4846,4530,9376
จังหวัดพิจิตร,2555,2829,2537,5366
จังหวัดเพชรบูรณ์,2555,4598,4353,8951
จังหวัดราชบุรี,2555,5728,5230,10958
จังหวัดกาญจนบุรี,2555,5002,4767,9769
จังหวัดสุพรรณบุรี,2555,4810,4558,9368
จังหวัดนครปฐม,2555,5082,4649,9731
จังหวัดสมุทรสาคร,2555,6401,5811,12212
จังหวัดสมุทรสงคราม,2555,754,705,1459
จังหวัดเพชรบุรี,2555,2564,2373,4937
จังหวัดประจวบคีรีขันธ์,2555,3713,3461,7174
จังหวัดนครศรีธรรมราช,2555,10136,9395,19531
จังหวัดกระบี่,2555,3988,3791,7779
จังหวัดพังงา,2555,1824,1758,3582
จังหวัดภูเก็ต,2555,4719,4368,9087
จังหวัดสุราษฎร์ธานี,2555,8630,7991,16621
จังหวัดระนอง,2555,1333,1324,2657
จังหวัดชุมพร,2555,3503,3217,6720
จังหวัดสงขลา,2555,11561,11148,22709
จังหวัดสตูล,2555,2623,2486,5109
จังหวัดตรัง,2555,4685,4394,9079
จังหวัดพัทลุง,2555,3005,2833,5838
จังหวัดปัตตานี,2555,6495,6115,12610
จังหวัดยะลา,2555,6079,5712,11791
จังหวัดนราธิวาส,2555,7334,6782,14116
กรุงเทพมหานคร,2556,52341,48667,101008
จังหวัดสมุทรปราการ,2556,8669,7928,16597
จังหวัดนนทบุรี,2556,5505,5219,10724
จังหวัดปทุมธานี,2556,6202,5727,11929
จังหวัดพระนครศรีอยุธยา,2556,4494,4218,8712
จังหวัดอ่างทอง,2556,1322,1285,2607
จังหวัดลพบุรี,2556,3819,3539,7358
จังหวัดสิงห์บุรี,2556,1111,998,2109
จังหวัดชัยนาท,2556,1409,1337,2746
จังหวัดสระบุรี,2556,4131,3897,8028
จังหวัดชลบุรี,2556,15894,14664,30558
จังหวัดระยอง,2556,5027,4754,9781
จังหวัดจันทบุรี,2556,3316,3190,6506
จังหวัดตราด,2556,1376,1288,2664
จังหวัดฉะเชิงเทรา,2556,4383,3913,8296
จังหวัดปราจีนบุรี,2556,3033,2845,5878
จังหวัดนครนายก,2556,1952,1732,3684
จังหวัดสระแก้ว,2556,2929,2856,5785
จังหวัดนครราชสีมา,2556,13741,13181,26922
จังหวัดบุรีรัมย์,2556,7952,7537,15489
จังหวัดสุรินทร์,2556,6998,6509,13507
จังหวัดศรีสะเกษ,2556,6702,6404,13106
จังหวัดอุบลราชธานี,2556,10261,9861,20122
จังหวัดยโสธร,2556,2366,2293,4659
จังหวัดชัยภูมิ,2556,5012,4767,9779
จังหวัดอำนาจเจริญ,2556,1731,1733,3464
จังหวัดบึงกาฬ,2556,2513,2458,4971
จังหวัดหนองบัวลำภู,2556,2512,2408,4920
จังหวัดขอนแก่น,2556,10198,9445,19643
จังหวัดอุดรธานี,2556,8263,8093,16356
จังหวัดเลย,2556,3540,3250,6790
จังหวัดหนองคาย,2556,2734,2475,5209
จังหวัดมหาสารคาม,2556,3826,3599,7425
จังหวัดร้อยเอ็ด,2556,5285,4993,10278
จังหวัดกาฬสินธุ์,2556,4319,4072,8391
จังหวัดสกลนคร,2556,6622,6169,12791
จังหวัดนครพนม,2556,3200,3109,6309
จังหวัดมุกดาหาร,2556,1923,1826,3749
จังหวัดเชียงใหม่,2556,10784,10100,20884
จังหวัดลำพูน,2556,1743,1703,3446
จังหวัดลำปาง,2556,2500,2417,4917
จังหวัดอุตรดิตถ์,2556,1963,1785,3748
จังหวัดแพร่,2556,1495,1480,2975
จังหวัดน่าน,2556,2060,2011,4071
จังหวัดพะเยา,2556,1872,1843,3715
จังหวัดเชียงราย,2556,6187,5831,12018
จังหวัดแม่ฮ่องสอน,2556,1711,1681,3392
จังหวัดนครสวรรค์,2556,5244,4949,10193
จังหวัดอุทัยธานี,2556,1610,1451,3061
จังหวัดกำแพงเพชร,2556,3137,2917,6054
จังหวัดตาก,2556,4696,4449,9145
จังหวัดสุโขทัย,2556,2422,2309,4731
จังหวัดพิษณุโลก,2556,4647,4129,8776
จังหวัดพิจิตร,2556,2511,2449,4960
จังหวัดเพชรบูรณ์,2556,4246,4034,8280
จังหวัดราชบุรี,2556,5451,5039,10490
จังหวัดกาญจนบุรี,2556,4898,4578,9476
จังหวัดสุพรรณบุรี,2556,4618,4361,8979
จังหวัดนครปฐม,2556,4927,4564,9491
จังหวัดสมุทรสาคร,2556,6995,6489,13484
จังหวัดสมุทรสงคราม,2556,752,714,1466
จังหวัดเพชรบุรี,2556,2376,2256,4632
จังหวัดประจวบคีรีขันธ์,2556,3474,3315,6789
จังหวัดนครศรีธรรมราช,2556,9685,9445,19130
จังหวัดกระบี่,2556,3865,3633,7498
จังหวัดพังงา,2556,1808,1726,3534
จังหวัดภูเก็ต,2556,4647,4418,9065
จังหวัดสุราษฎร์ธานี,2556,8191,7649,15840
จังหวัดระนอง,2556,1434,1361,2795
จังหวัดชุมพร,2556,3383,3080,6463
จังหวัดสงขลา,2556,11764,10992,22756
จังหวัดสตูล,2556,2564,2460,5024
จังหวัดตรัง,2556,4470,4088,8558
จังหวัดพัทลุง,2556,2927,2646,5573
จังหวัดปัตตานี,2556,6492,6081,12573
จังหวัดยะลา,2556,5973,5516,11489
จังหวัดนราธิวาส,2556,6889,6919,13808
กรุงเทพมหานคร,2557,51190,48428,99618
จังหวัดสมุทรปราการ,2557,8669,8108,16777
จังหวัดนนทบุรี,2557,5381,5070,10451
จังหวัดปทุมธานี,2557,6391,5739,12130
จังหวัดพระนครศรีอยุธยา,2557,4518,4234,8752
จังหวัดอ่างทอง,2557,1316,1202,2518
จังหวัดลพบุรี,2557,3657,3398,7055
จังหวัดสิงห์บุรี,2557,1091,974,2065
จังหวัดชัยนาท,2557,1403,1327,2730
จังหวัดสระบุรี,2557,4167,3843,8010
จังหวัดชลบุรี,2557,16778,15715,32493
จังหวัดระยอง,2557,5127,4780,9907
จังหวัดจันทบุรี,2557,3309,3180,6489
จังหวัดตราด,2557,1340,1339,2679
จังหวัดฉะเชิงเทรา,2557,4365,4211,8576
จังหวัดปราจีนบุรี,2557,3061,2845,5906
จังหวัดนครนายก,2557,1970,1852,3822
จังหวัดสระแก้ว,2557,2960,2787,5747
จังหวัดนครราชสีมา,2557,13623,13146,26769
จังหวัดบุรีรัมย์,2557,7938,7431,15369
จังหวัดสุรินทร์,2557,6804,6579,13383
จังหวัดศรีสะเกษ,2557,6638,6285,12923
จังหวัดอุบลราชธานี,2557,10302,9645,19947
จังหวัดยโสธร,2557,2272,2150,4422
จังหวัดชัยภูมิ,2557,4933,4690,9623
จังหวัดอำนาจเจริญ,2557,1661,1622,3283
จังหวัดบึงกาฬ,2557,2377,2086,4463
จังหวัดหนองบัวลำภู,2557,2501,2313,4814
จังหวัดขอนแก่น,2557,9976,9245,19221
จังหวัดอุดรธานี,2557,8253,7866,16119
จังหวัดเลย,2557,3436,3048,6484
จังหวัดหนองคาย,2557,2655,2574,5229
จังหวัดมหาสารคาม,2557,3714,3465,7179
จังหวัดร้อยเอ็ด,2557,5235,5155,10390
จังหวัดกาฬสินธุ์,2557,4351,4120,8471
จังหวัดสกลนคร,2557,6336,6085,12421
จังหวัดนครพนม,2557,3148,2938,6086
จังหวัดมุกดาหาร,2557,1955,1927,3882
จังหวัดเชียงใหม่,2557,10941,10240,21181
จังหวัดลำพูน,2557,1769,1704,3473
จังหวัดลำปาง,2557,2398,2331,4729
จังหวัดอุตรดิตถ์,2557,1804,1815,3619
จังหวัดแพร่,2557,1550,1510,3060
จังหวัดน่าน,2557,1973,1908,3881
จังหวัดพะเยา,2557,1910,1732,3642
จังหวัดเชียงราย,2557,6073,5711,11784
จังหวัดแม่ฮ่องสอน,2557,1591,1635,3226
จังหวัดนครสวรรค์,2557,5120,4814,9934
จังหวัดอุทัยธานี,2557,1484,1461,2945
จังหวัดกำแพงเพชร,2557,3245,2905,6150
จังหวัดตาก,2557,4866,4641,9507
จังหวัดสุโขทัย,2557,2385,2244,4629
จังหวัดพิษณุโลก,2557,4572,4302,8874
จังหวัดพิจิตร,2557,2458,2324,4782
จังหวัดเพชรบูรณ์,2557,4106,3936,8042
จังหวัดราชบุรี,2557,5446,5310,10756
จังหวัดกาญจนบุรี,2557,4870,4595,9465
จังหวัดสุพรรณบุรี,2557,4671,4319,8990
จังหวัดนครปฐม,2557,4808,4493,9301
จังหวัดสมุทรสาคร,2557,7122,6793,13915
จังหวัดสมุทรสงคราม,2557,741,743,1484
จังหวัดเพชรบุรี,2557,2430,2277,4707
จังหวัดประจวบคีรีขันธ์,2557,3608,3363,6971
จังหวัดนครศรีธรรมราช,2557,9604,9138,18742
จังหวัดกระบี่,2557,3805,3622,7427
จังหวัดพังงา,2557,1807,1680,3487
จังหวัดภูเก็ต,2557,4643,4296,8939
จังหวัดสุราษฎร์ธานี,2557,8298,7641,15939
จังหวัดระนอง,2557,1569,1446,3015
จังหวัดชุมพร,2557,3312,3107,6419
จังหวัดสงขลา,2557,11555,10793,22348
จังหวัดสตูล,2557,2532,2300,4832
จังหวัดตรัง,2557,4296,3898,8194
จังหวัดพัทลุง,2557,2935,2578,5513
จังหวัดปัตตานี,2557,6080,5772,11852
จังหวัดยะลา,2557,5769,5339,11108
จังหวัดนราธิวาส,2557,6905,6400,13305
กรุงเทพมหานคร,2558,49172,46379,95551
จังหวัดสมุทรปราการ,2558,8240,7598,15838
จังหวัดนนทบุรี,2558,5263,4893,10156
จังหวัดปทุมธานี,2558,5975,5848,11823
จังหวัดพระนครศรีอยุธยา,2558,4164,4046,8210
จังหวัดอ่างทอง,2558,1212,1218,2430
จังหวัดลพบุรี,2558,3298,3256,6554
จังหวัดสิงห์บุรี,2558,969,936,1905
จังหวัดชัยนาท,2558,1235,1238,2473
จังหวัดสระบุรี,2558,3976,3776,7752
จังหวัดชลบุรี,2558,16106,15375,31481
จังหวัดระยอง,2558,4805,4555,9360
จังหวัดจันทบุรี,2558,3161,2999,6160
จังหวัดตราด,2558,1280,1109,2389
จังหวัดฉะเชิงเทรา,2558,4064,3933,7997
จังหวัดปราจีนบุรี,2558,2851,2714,5565
จังหวัดนครนายก,2558,1928,1749,3677
จังหวัดสระแก้ว,2558,2772,2698,5470
จังหวัดนครราชสีมา,2558,12928,12249,25177
จังหวัดบุรีรัมย์,2558,7437,6953,14390
จังหวัดสุรินทร์,2558,6385,6224,12609
จังหวัดศรีสะเกษ,2558,6187,5910,12097
จังหวัดอุบลราชธานี,2558,9474,9309,18783
จังหวัดยโสธร,2558,2150,2175,4325
จังหวัดชัยภูมิ,2558,4592,4300,8892
จังหวัดอำนาจเจริญ,2558,1509,1527,3036
จังหวัดบึงกาฬ,2558,2145,1972,4117
จังหวัดหนองบัวลำภู,2558,2287,2251,4538
จังหวัดขอนแก่น,2558,9372,8592,17964
จังหวัดอุดรธานี,2558,7887,7272,15159
จังหวัดเลย,2558,3160,3011,6171
จังหวัดหนองคาย,2558,2426,2305,4731
จังหวัดมหาสารคาม,2558,3509,3375,6884
จังหวัดร้อยเอ็ด,2558,4966,4636,9602
จังหวัดกาฬสินธุ์,2558,3939,3719,7658
จังหวัดสกลนคร,2558,5948,5640,11588
จังหวัดนครพนม,2558,2857,2700,5557
จังหวัดมุกดาหาร,2558,1885,1819,3704
จังหวัดเชียงใหม่,2558,10706,10332,21038
จังหวัดลำพูน,2558,1645,1670,3315
จังหวัดลำปาง,2558,2351,2195,4546
จังหวัดอุตรดิตถ์,2558,1652,1580,3232
จังหวัดแพร่,2558,1529,1454,2983
จังหวัดน่าน,2558,1906,1715,3621
จังหวัดพะเยา,2558,1693,1743,3436
จังหวัดเชียงราย,2558,5829,5497,11326
จังหวัดแม่ฮ่องสอน,2558,1688,1522,3210
จังหวัดนครสวรรค์,2558,4802,4624,9426
จังหวัดอุทัยธานี,2558,1452,1378,2830
จังหวัดกำแพงเพชร,2558,2857,2633,5490
จังหวัดตาก,2558,4601,4176,8777
จังหวัดสุโขทัย,2558,2241,2111,4352
จังหวัดพิษณุโลก,2558,4314,4130,8444
จังหวัดพิจิตร,2558,2284,2073,4357
จังหวัดเพชรบูรณ์,2558,3927,3695,7622
จังหวัดราชบุรี,2558,5154,4918,10072
จังหวัดกาญจนบุรี,2558,4618,4195,8813
จังหวัดสุพรรณบุรี,2558,4304,4003,8307
จังหวัดนครปฐม,2558,4573,4323,8896
จังหวัดสมุทรสาคร,2558,7111,6728,13839
จังหวัดสมุทรสงคราม,2558,723,643,1366
จังหวัดเพชรบุรี,2558,2262,2203,4465
จังหวัดประจวบคีรีขันธ์,2558,3393,3284,6677
จังหวัดนครศรีธรรมราช,2558,9144,8420,17564
จังหวัดกระบี่,2558,3696,3443,7139
จังหวัดพังงา,2558,1692,1683,3375
จังหวัดภูเก็ต,2558,4416,4154,8570
จังหวัดสุราษฎร์ธานี,2558,7617,7344,14961
จังหวัดระนอง,2558,1379,1309,2688
จังหวัดชุมพร,2558,3144,2984,6128
จังหวัดสงขลา,2558,10882,10374,21256
จังหวัดสตูล,2558,2378,2161,4539
จังหวัดตรัง,2558,3917,3622,7539
จังหวัดพัทลุง,2558,2621,2437,5058
จังหวัดปัตตานี,2558,6001,5709,11710
จังหวัดยะลา,2558,5590,5329,10919
จังหวัดนราธิวาส,2558,6431,6262,12693
กรุงเทพมหานคร,2559,47336,44694,92030
จังหวัดสมุทรปราการ,2559,7900,7296,15196
จังหวัดนนทบุรี,2559,5209,4782,9991
จังหวัดปทุมธานี,2559,5940,5541,11481
จังหวัดพระนครศรีอยุธยา,2559,4003,3735,7738
จังหวัดอ่างทอง,2559,1119,1111,2230
จังหวัดลพบุรี,2559,3410,3120,6530
จังหวัดสิงห์บุรี,2559,976,899,1875
จังหวัดชัยนาท,2559,1148,1133,2281
จังหวัดสระบุรี,2559,3785,3628,7413
จังหวัดชลบุรี,2559,15747,14662,30409
จังหวัดระยอง,2559,4770,4454,9224
จังหวัดจันทบุรี,2559,3001,2832,5833
จังหวัดตราด,2559,1075,1044,2119
จังหวัดฉะเชิงเทรา,2559,3930,3688,7618
จังหวัดปราจีนบุรี,2559,2847,2642,5489
จังหวัดนครนายก,2559,1864,1621,3485
จังหวัดสระแก้ว,2559,2764,2523,5287
จังหวัดนครราชสีมา,2559,12214,11834,24048
จังหวัดบุรีรัมย์,2559,6984,6581,13565
จังหวัดสุรินทร์,2559,6183,5957,12140
จังหวัดศรีสะเกษ,2559,5945,5713,11658
จังหวัดอุบลราชธานี,2559,9340,8830,18170
จังหวัดยโสธร,2559,2137,1936,4073
จังหวัดชัยภูมิ,2559,4415,4085,8500
จังหวัดอำนาจเจริญ,2559,1527,1411,2938
จังหวัดบึงกาฬ,2559,1974,1821,3795
จังหวัดหนองบัวลำภู,2559,2170,2125,4295
จังหวัดขอนแก่น,2559,9046,8582,17628
จังหวัดอุดรธานี,2559,7642,7080,14722
จังหวัดเลย,2559,3007,2961,5968
จังหวัดหนองคาย,2559,2340,2248,4588
จังหวัดมหาสารคาม,2559,3448,3195,6643
จังหวัดร้อยเอ็ด,2559,4782,4473,9255
จังหวัดกาฬสินธุ์,2559,3790,3554,7344
จังหวัดสกลนคร,2559,5797,5465,11262
จังหวัดนครพนม,2559,2730,2574,5304
จังหวัดมุกดาหาร,2559,1877,1759,3636
จังหวัดเชียงใหม่,2559,10080,9709,19789
จังหวัดลำพูน,2559,1686,1502,3188
จังหวัดลำปาง,2559,2290,2180,4470
จังหวัดอุตรดิตถ์,2559,1618,1550,3168
จังหวัดแพร่,2559,1375,1319,2694
จังหวัดน่าน,2559,1885,1769,3654
จังหวัดพะเยา,2559,1739,1668,3407
จังหวัดเชียงราย,2559,5621,5278,10899
จังหวัดแม่ฮ่องสอน,2559,1563,1472,3035
จังหวัดนครสวรรค์,2559,4499,4200,8699
จังหวัดอุทัยธานี,2559,1341,1214,2555
จังหวัดกำแพงเพชร,2559,2685,2566,5251
จังหวัดตาก,2559,4372,4254,8626
จังหวัดสุโขทัย,2559,2118,2051,4169
จังหวัดพิษณุโลก,2559,4131,3830,7961
จังหวัดพิจิตร,2559,2063,1957,4020
จังหวัดเพชรบูรณ์,2559,3910,3563,7473
จังหวัดราชบุรี,2559,5060,4679,9739
จังหวัดกาญจนบุรี,2559,4217,4056,8273
จังหวัดสุพรรณบุรี,2559,4029,3737,7766
จังหวัดนครปฐม,2559,4342,4203,8545
จังหวัดสมุทรสาคร,2559,6847,6218,13065
จังหวัดสมุทรสงคราม,2559,616,581,1197
จังหวัดเพชรบุรี,2559,2234,2117,4351
จังหวัดประจวบคีรีขันธ์,2559,3397,3174,6571
จังหวัดนครศรีธรรมราช,2559,8273,7809,16082
จังหวัดกระบี่,2559,3380,3350,6730
จังหวัดพังงา,2559,1622,1520,3142
จังหวัดภูเก็ต,2559,4168,4028,8196
จังหวัดสุราษฎร์ธานี,2559,7111,6696,13807
จังหวัดระนอง,2559,1287,1168,2455
จังหวัดชุมพร,2559,2974,2732,5706
จังหวัดสงขลา,2559,10303,9638,19941
จังหวัดสตูล,2559,2123,2006,4129
จังหวัดตรัง,2559,3411,3335,6746
จังหวัดพัทลุง,2559,2235,2227,4462
จังหวัดปัตตานี,2559,5745,5624,11369
จังหวัดยะลา,2559,5514,5010,10524
จังหวัดนราธิวาส,2559,6359,6084,12443
กรุงเทพมหานคร,2560,46838,44066,90904
จังหวัดสมุทรปราการ,2560,7771,7255,15026
จังหวัดนนทบุรี,2560,5114,4735,9849
จังหวัดปทุมธานี,2560,6084,5606,11690
จังหวัดพระนครศรีอยุธยา,2560,4005,3776,7781
จังหวัดอ่างทอง,2560,1035,1034,2069
จังหวัดลพบุรี,2560,3232,3121,6353
จังหวัดสิงห์บุรี,2560,949,844,1793
จังหวัดชัยนาท,2560,1165,1067,2232
จังหวัดสระบุรี,2560,3703,3594,7297
จังหวัดชลบุรี,2560,15888,14676,30564
จังหวัดระยอง,2560,4820,4347,9167
จังหวัดจันทบุรี,2560,3098,3012,6110
จังหวัดตราด,2560,1097,1053,2150
จังหวัดฉะเชิงเทรา,2560,3797,3655,7452
จังหวัดปราจีนบุรี,2560,2871,2726,5597
จังหวัดนครนายก,2560,1858,1773,3631
จังหวัดสระแก้ว,2560,2856,2665,5521
จังหวัดนครราชสีมา,2560,12260,11445,23705
จังหวัดบุรีรัมย์,2560,6815,6505,13320
จังหวัดสุรินทร์,2560,6026,5765,11791
จังหวัดศรีสะเกษ,2560,5738,5425,11163
จังหวัดอุบลราชธานี,2560,9038,8536,17574
จังหวัดยโสธร,2560,1953,1870,3823
จังหวัดชัยภูมิ,2560,4320,4150,8470
จังหวัดอำนาจเจริญ,2560,1531,1514,3045
จังหวัดบึงกาฬ,2560,1873,1848,3721
จังหวัดหนองบัวลำภู,2560,2172,2109,4281
จังหวัดขอนแก่น,2560,8848,8111,16959
จังหวัดอุดรธานี,2560,7444,7159,14603
จังหวัดเลย,2560,3165,2929,6094
จังหวัดหนองคาย,2560,2325,2219,4544
จังหวัดมหาสารคาม,2560,3468,3135,6603
จังหวัดร้อยเอ็ด,2560,4754,4415,9169
จังหวัดกาฬสินธุ์,2560,3725,3440,7165
จังหวัดสกลนคร,2560,5658,5368,11026
จังหวัดนครพนม,2560,2810,2643,5453
จังหวัดมุกดาหาร,2560,1853,1782,3635
จังหวัดเชียงใหม่,2560,10395,9857,20252
จังหวัดลำพูน,2560,1611,1503,3114
จังหวัดลำปาง,2560,2276,2082,4358
จังหวัดอุตรดิตถ์,2560,1652,1469,3121
จังหวัดแพร่,2560,1382,1237,2619
จังหวัดน่าน,2560,1803,1666,3469
จังหวัดพะเยา,2560,1763,1575,3338
จังหวัดเชียงราย,2560,5992,5563,11555
จังหวัดแม่ฮ่องสอน,2560,2133,1993,4126
จังหวัดนครสวรรค์,2560,4399,4034,8433
จังหวัดอุทัยธานี,2560,1275,1230,2505
จังหวัดกำแพงเพชร,2560,2720,2379,5099
จังหวัดตาก,2560,6106,5912,12018
จังหวัดสุโขทัย,2560,2004,1917,3921
จังหวัดพิษณุโลก,2560,4062,3846,7908
จังหวัดพิจิตร,2560,2030,1912,3942
จังหวัดเพชรบูรณ์,2560,3768,3528,7296
จังหวัดราชบุรี,2560,5136,4563,9699
จังหวัดกาญจนบุรี,2560,4383,4164,8547
จังหวัดสุพรรณบุรี,2560,3952,3737,7689
จังหวัดนครปฐม,2560,4290,4152,8442
จังหวัดสมุทรสาคร,2560,6827,6205,13032
จังหวัดสมุทรสงคราม,2560,610,533,1143
จังหวัดเพชรบุรี,2560,2220,2110,4330
จังหวัดประจวบคีรีขันธ์,2560,3409,3153,6562
จังหวัดนครศรีธรรมราช,2560,8156,7555,15711
จังหวัดกระบี่,2560,3419,3205,6624
จังหวัดพังงา,2560,1526,1423,2949
จังหวัดภูเก็ต,2560,4244,3910,8154
จังหวัดสุราษฎร์ธานี,2560,7055,6753,13808
จังหวัดระนอง,2560,1354,1161,2515
จังหวัดชุมพร,2560,2856,2752,5608
จังหวัดสงขลา,2560,10030,9494,19524
จังหวัดสตูล,2560,2139,1974,4113
จังหวัดตรัง,2560,3415,3249,6664
จังหวัดพัทลุง,2560,2192,2187,4379
จังหวัดปัตตานี,2560,5959,5576,11535
จังหวัดยะลา,2560,5565,5173,10738
จังหวัดนราธิวาส,2560,6445,6140,12585
กรุงเทพมหานคร,2561,43356,41121,84477
จังหวัดสมุทรปราการ,2561,7211,6723,13934
จังหวัดนนทบุรี,2561,4768,4462,9230
จังหวัดปทุมธานี,2561,5694,5489,11183
จังหวัดพระนครศรีอยุธยา,2561,3794,3606,7400
จังหวัดอ่างทอง,2561,995,939,1934
จังหวัดลพบุรี,2561,3035,2972,6007
จังหวัดสิงห์บุรี,2561,885,822,1707
จังหวัดชัยนาท,2561,988,943,1931
จังหวัดสระบุรี,2561,3522,3392,6914
จังหวัดชลบุรี,2561,15444,14272,29716
จังหวัดระยอง,2561,4672,4416,9088
จังหวัดจันทบุรี,2561,3076,2826,5902
จังหวัดตราด,2561,1203,1119,2322
จังหวัดฉะเชิงเทรา,2561,3769,3470,7239
จังหวัดปราจีนบุรี,2561,2691,2663,5354
จังหวัดนครนายก,2561,1821,1662,3483
จังหวัดสระแก้ว,2561,2727,2564,5291
จังหวัดนครราชสีมา,2561,11631,11029,22660
จังหวัดบุรีรัมย์,2561,6546,6181,12727
จังหวัดสุรินทร์,2561,5580,5559,11139
จังหวัดศรีสะเกษ,2561,5472,5044,10516
จังหวัดอุบลราชธานี,2561,8794,8295,17089
จังหวัดยโสธร,2561,1804,1777,3581
จังหวัดชัยภูมิ,2561,4059,4008,8067
จังหวัดอำนาจเจริญ,2561,1455,1386,2841
จังหวัดบึงกาฬ,2561,1907,1819,3726
จังหวัดหนองบัวลำภู,2561,2019,1925,3944
จังหวัดขอนแก่น,2561,8123,7737,15860
จังหวัดอุดรธานี,2561,7062,6757,13819
จังหวัดเลย,2561,2975,2715,5690
จังหวัดหนองคาย,2561,2191,2110,4301
จังหวัดมหาสารคาม,2561,3196,2945,6141
จังหวัดร้อยเอ็ด,2561,4459,4265,8724
จังหวัดกาฬสินธุ์,2561,3465,3349,6814
จังหวัดสกลนคร,2561,5456,5012,10468
จังหวัดนครพนม,2561,2724,2543,5267
จังหวัดมุกดาหาร,2561,1868,1793,3661
จังหวัดเชียงใหม่,2561,9995,9427,19422
จังหวัดลำพูน,2561,1548,1490,3038
จังหวัดลำปาง,2561,2149,1977,4126
จังหวัดอุตรดิตถ์,2561,1425,1371,2796
จังหวัดแพร่,2561,1264,1215,2479
จังหวัดน่าน,2561,1659,1602,3261
จังหวัดพะเยา,2561,1658,1556,3214
จังหวัดเชียงราย,2561,5753,5405,11158
จังหวัดแม่ฮ่องสอน,2561,2346,2110,4456
จังหวัดนครสวรรค์,2561,4015,3668,7683
จังหวัดอุทัยธานี,2561,1294,1232,2526
จังหวัดกำแพงเพชร,2561,2423,2323,4746
จังหวัดตาก,2561,5930,5567,11497
จังหวัดสุโขทัย,2561,1831,1752,3583
จังหวัดพิษณุโลก,2561,3920,3688,7608
จังหวัดพิจิตร,2561,1803,1792,3595
จังหวัดเพชรบูรณ์,2561,3556,3196,6752
จังหวัดราชบุรี,2561,4710,4223,8933
จังหวัดกาญจนบุรี,2561,4044,3842,7886
จังหวัดสุพรรณบุรี,2561,3811,3587,7398
จังหวัดนครปฐม,2561,4047,3889,7936
จังหวัดสมุทรสาคร,2561,5607,5095,10702
จังหวัดสมุทรสงคราม,2561,574,505,1079
จังหวัดเพชรบุรี,2561,2007,1936,3943
จังหวัดประจวบคีรีขันธ์,2561,2994,2786,5780
จังหวัดนครศรีธรรมราช,2561,7736,7252,14988
จังหวัดกระบี่,2561,3221,2935,6156
จังหวัดพังงา,2561,1318,1105,2423
จังหวัดภูเก็ต,2561,4080,3832,7912
จังหวัดสุราษฎร์ธานี,2561,7000,6571,13571
จังหวัดระนอง,2561,1430,1402,2832
จังหวัดชุมพร,2561,2759,2592,5351
จังหวัดสงขลา,2561,9847,9099,18946
จังหวัดสตูล,2561,1939,1944,3883
จังหวัดตรัง,2561,3328,3013,6341
จังหวัดพัทลุง,2561,2176,2098,4274
จังหวัดปัตตานี,2561,5705,5360,11065
จังหวัดยะลา,2561,5521,5150,10671
จังหวัดนราธิวาส,2561,6364,5836,12200
กรุงเทพมหานคร,2562,39976,37336,77312
จังหวัดสมุทรปราการ,2562,6398,6147,12545
จังหวัดนนทบุรี,2562,4232,4028,8260
จังหวัดปทุมธานี,2562,5253,4992,10245
จังหวัดพระนครศรีอยุธยา,2562,3666,3430,7096
จังหวัดอ่างทอง,2562,929,913,1842
จังหวัดลพบุรี,2562,2813,2673,5486
จังหวัดสิงห์บุรี,2562,852,772,1624
จังหวัดชัยนาท,2562,869,834,1703
จังหวัดสระบุรี,2562,3307,3046,6353
จังหวัดชลบุรี,2562,14232,13411,27643
จังหวัดระยอง,2562,4407,4179,8586
จังหวัดจันทบุรี,2562,2903,2671,5574
จังหวัดตราด,2562,1102,1039,2141
จังหวัดฉะเชิงเทรา,2562,3409,3302,6711
จังหวัดปราจีนบุรี,2562,2650,2550,5200
จังหวัดนครนายก,2562,1714,1539,3253
จังหวัดสระแก้ว,2562,2697,2443,5140
จังหวัดนครราชสีมา,2562,10878,10293,21171
จังหวัดบุรีรัมย์,2562,6049,5781,11830
จังหวัดสุรินทร์,2562,5307,5026,10333
จังหวัดศรีสะเกษ,2562,5183,4920,10103
จังหวัดอุบลราชธานี,2562,8442,8099,16541
จังหวัดยโสธร,2562,1712,1643,3355
จังหวัดชัยภูมิ,2562,3809,3654,7463
จังหวัดอำนาจเจริญ,2562,1336,1139,2475
จังหวัดบึงกาฬ,2562,1623,1736,3359
จังหวัดหนองบัวลำภู,2562,1967,1823,3790
จังหวัดขอนแก่น,2562,7750,7166,14916
จังหวัดอุดรธานี,2562,6506,6249,12755
จังหวัดเลย,2562,2608,2650,5258
จังหวัดหนองคาย,2562,2039,1914,3953
จังหวัดมหาสารคาม,2562,2967,2821,5788
จังหวัดร้อยเอ็ด,2562,4172,4016,8188
จังหวัดกาฬสินธุ์,2562,3384,3109,6493
จังหวัดสกลนคร,2562,4790,4614,9404
จังหวัดนครพนม,2562,2578,2422,5000
จังหวัดมุกดาหาร,2562,1721,1698,3419
จังหวัดเชียงใหม่,2562,9051,8562,17613
จังหวัดลำพูน,2562,1385,1362,2747
จังหวัดลำปาง,2562,1934,1914,3848
จังหวัดอุตรดิตถ์,2562,1401,1250,2651
จังหวัดแพร่,2562,1245,1108,2353
จังหวัดน่าน,2562,1632,1571,3203
จังหวัดพะเยา,2562,1581,1485,3066
จังหวัดเชียงราย,2562,5680,5311,10991
จังหวัดแม่ฮ่องสอน,2562,1911,1848,3759
จังหวัดนครสวรรค์,2562,3634,3400,7034
จังหวัดอุทัยธานี,2562,1230,1112,2342
จังหวัดกำแพงเพชร,2562,2370,2112,4482
จังหวัดตาก,2562,6293,6066,12359
จังหวัดสุโขทัย,2562,1644,1656,3300
จังหวัดพิษณุโลก,2562,3641,3464,7105
จังหวัดพิจิตร,2562,1681,1712,3393
จังหวัดเพชรบูรณ์,2562,3379,3085,6464
จังหวัดราชบุรี,2562,4188,3889,8077
จังหวัดกาญจนบุรี,2562,3811,3596,7407
จังหวัดสุพรรณบุรี,2562,3378,3351,6729
จังหวัดนครปฐม,2562,3726,3530,7256
จังหวัดสมุทรสาคร,2562,4001,3797,7798
จังหวัดสมุทรสงคราม,2562,435,450,885
จังหวัดเพชรบุรี,2562,1850,1759,3609
จังหวัดประจวบคีรีขันธ์,2562,2815,2555,5370
จังหวัดนครศรีธรรมราช,2562,7327,7109,14436
จังหวัดกระบี่,2562,2992,2872,5864
จังหวัดพังงา,2562,1051,970,2021
จังหวัดภูเก็ต,2562,3766,3555,7321
จังหวัดสุราษฎร์ธานี,2562,6220,5909,12129
จังหวัดระนอง,2562,1206,1244,2450
จังหวัดชุมพร,2562,2479,2378,4857
จังหวัดสงขลา,2562,8675,8092,16767
จังหวัดสตูล,2562,1852,1706,3558
จังหวัดตรัง,2562,3124,2852,5976
จังหวัดพัทลุง,2562,2018,1900,3918
จังหวัดปัตตานี,2562,5502,5139,10641
จังหวัดยะลา,2562,5264,5143,10407
จังหวัดนราธิวาส,2562,6106,5593,11699
กรุงเทพมหานคร,2563,36759,34214,70973
จังหวัดสมุทรปราการ,2563,6348,5778,12126
จังหวัดนนทบุรี,2563,4172,3919,8091
จังหวัดปทุมธานี,2563,5203,4928,10131
จังหวัดพระนครศรีอยุธยา,2563,3481,3205,6686
จังหวัดอ่างทอง,2563,858,829,1687
จังหวัดลพบุรี,2563,2698,2601,5299
จังหวัดสิงห์บุรี,2563,802,818,1620
จังหวัดชัยนาท,2563,804,789,1593
จังหวัดสระบุรี,2563,3126,2963,6089
จังหวัดชลบุรี,2563,13012,12266,25278
จังหวัดระยอง,2563,4295,3856,8151
จังหวัดจันทบุรี,2563,2809,2685,5494
จังหวัดตราด,2563,967,916,1883
จังหวัดฉะเชิงเทรา,2563,3476,3258,6734
จังหวัดปราจีนบุรี,2563,2737,2519,5256
จังหวัดนครนายก,2563,1611,1537,3148
จังหวัดสระแก้ว,2563,2522,2451,4973
จังหวัดนครราชสีมา,2563,10567,9732,20299
จังหวัดบุรีรัมย์,2563,5871,5502,11373
จังหวัดสุรินทร์,2563,5114,4848,9962
จังหวัดศรีสะเกษ,2563,5170,4734,9904
จังหวัดอุบลราชธานี,2563,8144,7582,15726
จังหวัดยโสธร,2563,1745,1662,3407
จังหวัดชัยภูมิ,2563,3807,3529,7336
จังหวัดอำนาจเจริญ,2563,1328,1309,2637
จังหวัดบึงกาฬ,2563,1693,1555,3248
จังหวัดหนองบัวลำภู,2563,1825,1761,3586
จังหวัดขอนแก่น,2563,7176,6836,14012
จังหวัดอุดรธานี,2563,6107,5668,11775
จังหวัดเลย,2563,2633,2432,5065
จังหวัดหนองคาย,2563,1937,1984,3921
จังหวัดมหาสารคาม,2563,2863,2759,5622
จังหวัดร้อยเอ็ด,2563,4036,3921,7957
จังหวัดกาฬสินธุ์,2563,3106,3039,6145
จังหวัดสกลนคร,2563,4486,4284,8770
จังหวัดนครพนม,2563,2548,2475,5023
จังหวัดมุกดาหาร,2563,1498,1413,2911
จังหวัดเชียงใหม่,2563,8737,8276,17013
จังหวัดลำพูน,2563,1292,1300,2592
จังหวัดลำปาง,2563,1866,1767,3633
จังหวัดอุตรดิตถ์,2563,1293,1237,2530
จังหวัดแพร่,2563,1110,1043,2153
จังหวัดน่าน,2563,1622,1520,3142
จังหวัดพะเยา,2563,1497,1326,2823
จังหวัดเชียงราย,2563,5300,5071,10371
จังหวัดแม่ฮ่องสอน,2563,1774,1676,3450
จังหวัดนครสวรรค์,2563,3672,3417,7089
จังหวัดอุทัยธานี,2563,1161,1097,2258
จังหวัดกำแพงเพชร,2563,2197,2029,4226
จังหวัดตาก,2563,5171,4890,10061
จังหวัดสุโขทัย,2563,1673,1543,3216
จังหวัดพิษณุโลก,2563,3410,3218,6628
จังหวัดพิจิตร,2563,1750,1613,3363
จังหวัดเพชรบูรณ์,2563,3247,2989,6236
จังหวัดราชบุรี,2563,3890,3575,7465
จังหวัดกาญจนบุรี,2563,3686,3443,7129
จังหวัดสุพรรณบุรี,2563,3325,3220,6545
จังหวัดนครปฐม,2563,3403,3184,6587
จังหวัดสมุทรสาคร,2563,3954,3644,7598
จังหวัดสมุทรสงคราม,2563,447,418,865
จังหวัดเพชรบุรี,2563,1814,1712,3526
จังหวัดประจวบคีรีขันธ์,2563,2662,2437,5099
จังหวัดนครศรีธรรมราช,2563,6987,6666,13653
จังหวัดกระบี่,2563,2887,2704,5591
จังหวัดพังงา,2563,1051,1034,2085
จังหวัดภูเก็ต,2563,3249,3121,6370
จังหวัดสุราษฎร์ธานี,2563,5954,5498,11452
จังหวัดระนอง,2563,1024,997,2021
จังหวัดชุมพร,2563,2413,2225,4638
จังหวัดสงขลา,2563,8382,7735,16117
จังหวัดสตูล,2563,1825,1684,3509
จังหวัดตรัง,2563,2859,2705,5564
จังหวัดพัทลุง,2563,1945,1774,3719
จังหวัดปัตตานี,2563,5626,5307,10933
จังหวัดยะลา,2563,5232,5029,10261
จังหวัดนราธิวาส,2563,6115,5851,11966
กรุงเทพมหานคร,2564,31973,29631,61604
จังหวัดสมุทรปราการ,2564,6040,5524,11564
จังหวัดนนทบุรี,2564,3928,3697,7625
จังหวัดปทุมธานี,2564,4973,4625,9598
จังหวัดพระนครศรีอยุธยา,2564,3076,2845,5921
จังหวัดอ่างทอง,2564,804,769,1573
จังหวัดลพบุรี,2564,2439,2298,4737
จังหวัดสิงห์บุรี,2564,736,710,1446
จังหวัดชัยนาท,2564,729,665,1394
จังหวัดสระบุรี,2564,2922,2847,5769
จังหวัดชลบุรี,2564,11819,11166,22985
จังหวัดระยอง,2564,3877,3706,7583
จังหวัดจันทบุรี,2564,2722,2598,5320
จังหวัดตราด,2564,956,883,1839
จังหวัดฉะเชิงเทรา,2564,3258,3057,6315
จังหวัดปราจีนบุรี,2564,2547,2354,4901
จังหวัดนครนายก,2564,1453,1340,2793
จังหวัดสระแก้ว,2564,2520,2335,4855
จังหวัดนครราชสีมา,2564,9907,9290,19197
จังหวัดบุรีรัมย์,2564,5389,5266,10655
จังหวัดสุรินทร์,2564,4959,4527,9486
จังหวัดศรีสะเกษ,2564,4906,4556,9462
จังหวัดอุบลราชธานี,2564,7688,7363,15051
จังหวัดยโสธร,2564,1750,1670,3420
จังหวัดชัยภูมิ,2564,3505,3308,6813
จังหวัดอำนาจเจริญ,2564,1375,1273,2648
จังหวัดบึงกาฬ,2564,1572,1521,3093
จังหวัดหนองบัวลำภู,2564,1712,1637,3349
จังหวัดขอนแก่น,2564,6952,6299,13251
จังหวัดอุดรธานี,2564,5540,5312,10852
จังหวัดเลย,2564,2490,2368,4858
จังหวัดหนองคาย,2564,1894,1790,3684
จังหวัดมหาสารคาม,2564,2714,2672,5386
จังหวัดร้อยเอ็ด,2564,4060,3769,7829
จังหวัดกาฬสินธุ์,2564,3063,2891,5954
จังหวัดสกลนคร,2564,4306,4112,8418
จังหวัดนครพนม,2564,2442,2285,4727
จังหวัดมุกดาหาร,2564,1454,1400,2854
จังหวัดเชียงใหม่,2564,8105,7614,15719
จังหวัดลำพูน,2564,1291,1129,2420
จังหวัดลำปาง,2564,1839,1680,3519
จังหวัดอุตรดิตถ์,2564,1251,1160,2411
จังหวัดแพร่,2564,1086,1005,2091
จังหวัดน่าน,2564,1473,1443,2916
จังหวัดพะเยา,2564,1410,1256,2666
จังหวัดเชียงราย,2564,4773,4514,9287
จังหวัดแม่ฮ่องสอน,2564,1657,1631,3288
จังหวัดนครสวรรค์,2564,3434,3171,6605
จังหวัดอุทัยธานี,2564,1121,1003,2124
จังหวัดกำแพงเพชร,2564,2197,2060,4257
จังหวัดตาก,2564,4843,4331,9174
จังหวัดสุโขทัย,2564,1517,1518,3035
จังหวัดพิษณุโลก,2564,3306,3102,6408
จังหวัดพิจิตร,2564,1605,1562,3167
จังหวัดเพชรบูรณ์,2564,3052,2911,5963
จังหวัดราชบุรี,2564,3716,3492,7208
จังหวัดกาญจนบุรี,2564,3518,3377,6895
จังหวัดสุพรรณบุรี,2564,3122,2987,6109
จังหวัดนครปฐม,2564,3082,2974,6056
จังหวัดสมุทรสาคร,2564,3335,3215,6550
จังหวัดสมุทรสงคราม,2564,406,437,843
จังหวัดเพชรบุรี,2564,1629,1596,3225
จังหวัดประจวบคีรีขันธ์,2564,2394,2227,4621
จังหวัดนครศรีธรรมราช,2564,6628,6430,13058
จังหวัดกระบี่,2564,2559,2459,5018
จังหวัดพังงา,2564,946,914,1860
จังหวัดภูเก็ต,2564,2496,2311,4807
จังหวัดสุราษฎร์ธานี,2564,5283,4896,10179
จังหวัดระนอง,2564,859,821,1680
จังหวัดชุมพร,2564,2293,2183,4476
จังหวัดสงขลา,2564,7816,7334,15150
จังหวัดสตูล,2564,1704,1458,3162
จังหวัดตรัง,2564,2595,2482,5077
จังหวัดพัทลุง,2564,1697,1707,3404
จังหวัดปัตตานี,2564,5192,5091,10283
จังหวัดยะลา,2564,5073,4682,9755
จังหวัดนราธิวาส,2564,5798,5497,11295