จังหวัด,ปี,ชาย (คน),หญิง (คน),รวม (คน)
กรุงเทพมหานคร,2536,74967,69856,144823
สมุทรปราการ,2536,5713,5382,11095
นนทบุรี,2536,4591,4402,8993
ปทุมธานี,2536,2880,2737,5617
พระนครศรีอยุธยา,2536,4093,4087,8180
อ่างทอง,2536,1677,1614,3291
ลพบุรี,2536,4545,4407,8952
สิงห์บุรี,2536,1829,1622,3451
ชัยนาท,2536,1630,1564,3194
สระบุรี,2536,5026,4766,9792
ชลบุรี,2536,10590,9950,20540
ระยอง,2536,4048,4012,8060
จันทบุรี,2536,4168,4162,8330
ตราด,2536,1772,1709,3481
ฉะเชิงเทรา,2536,4250,4174,8424
ปราจีนบุรี,2536,6736,6264,13000
นครนายก,2536,1630,1609,3239
สระแก้ว,2536,400,344,744
นครราชสีมา,2536,17588,17102,34690
บุรีรัมย์,2536,12319,11780,24099
สุรินทร์,2536,11392,10753,22145
ศรีสะเกษ,2536,12264,11993,24257
อุบลราชธานี,2536,18353,17444,35797
ยโสธร,2536,4108,3914,8022
ชัยภูมิ,2536,7998,7701,15699
อำนาจเจริญ,2536,283,271,554
หนองบัวลำภู,2536,399,384,783
ขอนแก่น,2536,15634,15090,30724
อุดรธานี,2536,16613,15783,32396
เลย,2536,4640,4390,9030
หนองคาย,2536,7605,7500,15105
มหาสารคาม,2536,5868,5638,11506
ร้อยเอ็ด,2536,9368,9211,18579
กาฬสินธุ์,2536,7435,7124,14559
สกลนคร,2536,9044,8727,17771
นครพนม,2536,5755,5661,11416
มุกดาหาร,2536,2787,2641,5428
เชียงใหม่,2536,12871,11940,24811
ลำพูน,2536,1619,1621,3240
ลำปาง,2536,4963,4716,9679
อุตรดิตถ์,2536,3179,3082,6261
แพร่,2536,3200,3064,6264
น่าน,2536,3994,3713,7707
พะเยา,2536,3361,3193,6554
เชียงราย,2536,8418,8146,16564
แม่ฮ่องสอน,2536,2107,1989,4096
นครสวรรค์,2536,7739,7377,15116
อุทัยธานี,2536,2504,2293,4797
กำแพงเพชร,2536,5171,4978,10149
ตาก,2536,4196,4007,8203
สุโขทัย,2536,3750,3546,7296
พิษณุโลก,2536,5885,5693,11578
พิจิตร,2536,3508,3472,6980
เพชรบูรณ์,2536,6625,6267,12892
ราชบุรี,2536,8077,7463,15540
กาญจนบุรี,2536,5397,5221,10618
สุพรรณบุรี,2536,5152,4969,10121
นครปฐม,2536,5408,5078,10486
สมุทรสาคร,2536,3490,3265,6755
สมุทรสงคราม,2536,1077,1135,2212
เพชรบุรี,2536,2580,2406,4986
ประจวบคีรีขันธ์,2536,3557,3368,6925
นครศรีธรรมราช,2536,12498,12113,24611
กระบี่,2536,3310,3056,6366
พังงา,2536,1978,1948,3926
ภูเก็ต,2536,2634,2408,5042
สุราษฎร์ธานี,2536,7561,7169,14730
ระนอง,2536,1415,1298,2713
ชุมพร,2536,3565,3290,6855
สงขลา,2536,11364,11173,22537
สตูล,2536,2390,2261,4651
ตรัง,2536,5596,5236,10832
พัทลุง,2536,3827,3712,7539
ปัตตานี,2536,6703,6618,13321
ยะลา,2536,5611,5429,11040
นราธิวาส,2536,7273,6932,14205
กรุงเทพมหานคร,2537,75917,71196,147113
สมุทรปราการ,2537,6467,6138,12605
นนทบุรี,2537,4963,4708,9671
ปทุมธานี,2537,3196,3052,6248
พระนครศรีอยุธยา,2537,4593,4291,8884
อ่างทอง,2537,1758,1524,3282
ลพบุรี,2537,4654,4381,9035
สิงห์บุรี,2537,1738,1627,3365
ชัยนาท,2537,1383,1407,2790
สระบุรี,2537,5220,5027,10247
ชลบุรี,2537,11131,10554,21685
ระยอง,2537,4159,3992,8151
จันทบุรี,2537,4156,4114,8270
ตราด,2537,1621,1534,3155
ฉะเชิงเทรา,2537,4200,3921,8121
ปราจีนบุรี,2537,2829,2853,5682
นครนายก,2537,1622,1450,3072
สระแก้ว,2537,4099,3914,8013
นครราชสีมา,2537,17999,17009,35008
บุรีรัมย์,2537,11841,11459,23300
สุรินทร์,2537,10998,10678,21676
ศรีสะเกษ,2537,11766,11344,23110
อุบลราชธานี,2537,15066,14318,29384
ยโสธร,2537,4169,3811,7980
ชัยภูมิ,2537,6993,6473,13466
อำนาจเจริญ,2537,2677,2504,5181
หนองบัวลำภู,2537,3865,3745,7610
ขอนแก่น,2537,15349,14439,29788
อุดรธานี,2537,12432,11879,24311
เลย,2537,4393,4197,8590
หนองคาย,2537,6639,6658,13297
มหาสารคาม,2537,5806,5520,11326
ร้อยเอ็ด,2537,9341,9025,18366
กาฬสินธุ์,2537,6862,6642,13504
สกลนคร,2537,8090,7788,15878
นครพนม,2537,5686,5430,11116
มุกดาหาร,2537,2623,2577,5200
เชียงใหม่,2537,11163,10593,21756
ลำพูน,2537,1552,1503,3055
ลำปาง,2537,5065,4690,9755
อุตรดิตถ์,2537,3017,2827,5844
แพร่,2537,3112,3029,6141
น่าน,2537,3585,3407,6992
พะเยา,2537,3375,3236,6611
เชียงราย,2537,8290,7739,16029
แม่ฮ่องสอน,2537,2743,2512,5255
นครสวรรค์,2537,7144,6888,14032
อุทัยธานี,2537,2482,2344,4826
กำแพงเพชร,2537,4687,4723,9410
ตาก,2537,3992,3870,7862
สุโขทัย,2537,3520,3260,6780
พิษณุโลก,2537,5832,5511,11343
พิจิตร,2537,3709,3458,7167
เพชรบูรณ์,2537,6247,5964,12211
ราชบุรี,2537,7895,7487,15382
กาญจนบุรี,2537,5460,5258,10718
สุพรรณบุรี,2537,5380,5232,10612
นครปฐม,2537,5979,5454,11433
สมุทรสาคร,2537,4154,3672,7826
สมุทรสงคราม,2537,1175,1044,2219
เพชรบุรี,2537,2620,2452,5072
ประจวบคีรีขันธ์,2537,3374,3272,6646
นครศรีธรรมราช,2537,12254,11573,23827
กระบี่,2537,3217,3007,6224
พังงา,2537,1984,1985,3969
ภูเก็ต,2537,2658,2572,5230
สุราษฎร์ธานี,2537,7713,7563,15276
ระนอง,2537,1384,1279,2663
ชุมพร,2537,3568,3337,6905
สงขลา,2537,11972,11212,23184
สตูล,2537,2478,2432,4910
ตรัง,2537,5514,5259,10773
พัทลุง,2537,3865,3648,7513
ปัตตานี,2537,6473,6180,12653
ยะลา,2537,5754,5427,11181
นราธิวาส,2537,7130,6865,13995
กรุงเทพมหานคร,2538,70009,66108,136117
สมุทรปราการ,2538,6428,6131,12559
นนทบุรี,2538,5643,5073,10716
ปทุมธานี,2538,3245,3050,6295
พระนครศรีอยุธยา,2538,4799,4580,9379
อ่างทอง,2538,1568,1487,3055
ลพบุรี,2538,4691,4462,9153
สิงห์บุรี,2538,1572,1406,2978
ชัยนาท,2538,1398,1310,2708
สระบุรี,2538,4418,4247,8665
ชลบุรี,2538,10058,9877,19935
ระยอง,2538,4299,3998,8297
จันทบุรี,2538,4370,4167,8537
ตราด,2538,1629,1560,3189
ฉะเชิงเทรา,2538,4101,4029,8130
ปราจีนบุรี,2538,3068,2907,5975
นครนายก,2538,1662,1608,3270
สระแก้ว,2538,3127,2910,6037
นครราชสีมา,2538,17267,16623,33890
บุรีรัมย์,2538,11418,11039,22457
สุรินทร์,2538,10098,9729,19827
ศรีสะเกษ,2538,11487,11254,22741
อุบลราชธานี,2538,14720,14202,28922
ยโสธร,2538,4155,3871,8026
ชัยภูมิ,2538,6008,5671,11679
อำนาจเจริญ,2538,2579,2507,5086
หนองบัวลำภู,2538,3657,3589,7246
ขอนแก่น,2538,14470,13923,28393
อุดรธานี,2538,11662,11031,22693
เลย,2538,4387,4229,8616
หนองคาย,2538,7116,6833,13949
มหาสารคาม,2538,5198,5169,10367
ร้อยเอ็ด,2538,8050,7759,15809
กาฬสินธุ์,2538,5869,5658,11527
สกลนคร,2538,8671,8379,17050
นครพนม,2538,5269,5192,10461
มุกดาหาร,2538,2642,2498,5140
เชียงใหม่,2538,10488,10207,20695
ลำพูน,2538,1684,1513,3197
ลำปาง,2538,4635,4501,9136
อุตรดิตถ์,2538,2659,2591,5250
แพร่,2538,2579,2526,5105
น่าน,2538,4658,4390,9048
พะเยา,2538,3209,3162,6371
เชียงราย,2538,7507,7142,14649
แม่ฮ่องสอน,2538,2823,2660,5483
นครสวรรค์,2538,6437,6141,12578
อุทัยธานี,2538,2365,2221,4586
กำแพงเพชร,2538,4581,4530,9111
ตาก,2538,4229,3888,8117
สุโขทัย,2538,3300,3133,6433
พิษณุโลก,2538,5597,5414,11011
พิจิตร,2538,3467,3112,6579
เพชรบูรณ์,2538,5844,5620,11464
ราชบุรี,2538,7566,7309,14875
กาญจนบุรี,2538,5273,5090,10363
สุพรรณบุรี,2538,5314,4961,10275
นครปฐม,2538,5662,5527,11189
สมุทรสาคร,2538,4445,4221,8666
สมุทรสงคราม,2538,1115,1060,2175
เพชรบุรี,2538,2375,2296,4671
ประจวบคีรีขันธ์,2538,3113,2955,6068
นครศรีธรรมราช,2538,11014,10555,21569
กระบี่,2538,3065,2896,5961
พังงา,2538,2024,1871,3895
ภูเก็ต,2538,2748,2518,5266
สุราษฎร์ธานี,2538,7295,6916,14211
ระนอง,2538,1486,1439,2925
ชุมพร,2538,3863,3663,7526
สงขลา,2538,12144,11242,23386
สตูล,2538,2352,2104,4456
ตรัง,2538,5075,4931,10006
พัทลุง,2538,3435,3350,6785
ปัตตานี,2538,6508,6439,12947
ยะลา,2538,5583,5327,10910
นราธิวาส,2538,6661,6483,13144
กรุงเทพมหานคร,2539,77979,72482,150461
สมุทรปราการ,2539,8316,7783,16099
นนทบุรี,2539,5908,5461,11369
ปทุมธานี,2539,3279,2962,6241
พระนครศรีอยุธยา,2539,4895,4681,9576
อ่างทอง,2539,1671,1690,3361
ลพบุรี,2539,4733,4566,9299
สิงห์บุรี,2539,1677,1564,3241
ชัยนาท,2539,1535,1449,2984
สระบุรี,2539,5415,5071,10486
ชลบุรี,2539,12134,11270,23404
ระยอง,2539,4912,4790,9702
จันทบุรี,2539,4348,3969,8317
ตราด,2539,1692,1629,3321
ฉะเชิงเทรา,2539,4663,4376,9039
ปราจีนบุรี,2539,3276,3063,6339
นครนายก,2539,1663,1609,3272
สระแก้ว,2539,4047,3748,7795
นครราชสีมา,2539,17217,16452,33669
บุรีรัมย์,2539,11637,11215,22852
สุรินทร์,2539,11108,10415,21523
ศรีสะเกษ,2539,11208,10848,22056
อุบลราชธานี,2539,15084,14302,29386
ยโสธร,2539,4190,4133,8323
ชัยภูมิ,2539,6268,6158,12426
อำนาจเจริญ,2539,2500,2428,4928
หนองบัวลำภู,2539,3995,3680,7675
ขอนแก่น,2539,15634,14893,30527
อุดรธานี,2539,12277,11816,24093
เลย,2539,4155,4122,8277
หนองคาย,2539,7060,6762,13822
มหาสารคาม,2539,5801,5593,11394
ร้อยเอ็ด,2539,8785,8305,17090
กาฬสินธุ์,2539,6473,6223,12696
สกลนคร,2539,8114,7567,15681
นครพนม,2539,5431,5240,10671
มุกดาหาร,2539,2862,2749,5611
เชียงใหม่,2539,8670,8269,16939
ลำพูน,2539,1832,1680,3512
ลำปาง,2539,4769,4524,9293
อุตรดิตถ์,2539,3121,2941,6062
แพร่,2539,2913,2768,5681
น่าน,2539,3945,3910,7855
พะเยา,2539,3167,3182,6349
เชียงราย,2539,8277,7561,15838
แม่ฮ่องสอน,2539,3440,3203,6643
นครสวรรค์,2539,7036,6844,13880
อุทัยธานี,2539,2423,2272,4695
กำแพงเพชร,2539,4462,4286,8748
ตาก,2539,5095,4837,9932
สุโขทัย,2539,3600,3416,7016
พิษณุโลก,2539,5852,5565,11417
พิจิตร,2539,3617,3485,7102
เพชรบูรณ์,2539,6207,6019,12226
ราชบุรี,2539,8029,7715,15744
กาญจนบุรี,2539,5676,5406,11082
สุพรรณบุรี,2539,5573,5305,10878
นครปฐม,2539,6263,6001,12264
สมุทรสาคร,2539,4877,4519,9396
สมุทรสงคราม,2539,1123,1022,2145
เพชรบุรี,2539,2728,2586,5314
ประจวบคีรีขันธ์,2539,3396,3227,6623
นครศรีธรรมราช,2539,12380,11439,23819
กระบี่,2539,3047,2912,5959
พังงา,2539,2136,1956,4092
ภูเก็ต,2539,2832,2865,5697
สุราษฎร์ธานี,2539,8026,7841,15867
ระนอง,2539,1368,1420,2788
ชุมพร,2539,3800,3686,7486
สงขลา,2539,12158,11281,23439
สตูล,2539,2459,2308,4767
ตรัง,2539,5939,5685,11624
พัทลุง,2539,3822,3691,7513
ปัตตานี,2539,6560,6408,12968
ยะลา,2539,5624,5376,11000
นราธิวาส,2539,6555,6181,12736
กรุงเทพมหานคร,2540,73194,68464,141658
สมุทรปราการ,2540,7176,6746,13922
นนทบุรี,2540,5637,5286,10923
ปทุมธานี,2540,3582,3338,6920
พระนครศรีอยุธยา,2540,5171,4904,10075
อ่างทอง,2540,1521,1454,2975
ลพบุรี,2540,4118,3900,8018
สิงห์บุรี,2540,1571,1496,3067
ชัยนาท,2540,1461,1380,2841
สระบุรี,2540,4773,4386,9159
ชลบุรี,2540,10296,9791,20087
ระยอง,2540,5013,4535,9548
จันทบุรี,2540,3668,3455,7123
ตราด,2540,1546,1392,2938
ฉะเชิงเทรา,2540,4329,4138,8467
ปราจีนบุรี,2540,3265,3117,6382
นครนายก,2540,1478,1375,2853
สระแก้ว,2540,3760,3602,7362
นครราชสีมา,2540,16030,15113,31143
บุรีรัมย์,2540,11260,10794,22054
สุรินทร์,2540,10150,9258,19408
ศรีสะเกษ,2540,10976,10248,21224
อุบลราชธานี,2540,11160,10601,21761
ยโสธร,2540,3816,3673,7489
ชัยภูมิ,2540,5975,5704,11679
อำนาจเจริญ,2540,2229,2219,4448
หนองบัวลำภู,2540,3621,3527,7148
ขอนแก่น,2540,14355,13725,28080
อุดรธานี,2540,8628,8089,16717
เลย,2540,3785,3434,7219
หนองคาย,2540,6839,6571,13410
มหาสารคาม,2540,5502,5251,10753
ร้อยเอ็ด,2540,7736,7510,15246
กาฬสินธุ์,2540,5345,5043,10388
สกลนคร,2540,7410,6952,14362
นครพนม,2540,4378,4359,8737
มุกดาหาร,2540,2415,2401,4816
เชียงใหม่,2540,5167,4993,10160
ลำพูน,2540,1325,1250,2575
ลำปาง,2540,4311,4234,8545
อุตรดิตถ์,2540,3033,2902,5935
แพร่,2540,2774,2758,5532
น่าน,2540,3387,3249,6636
พะเยา,2540,2263,2076,4339
เชียงราย,2540,7859,7638,15497
แม่ฮ่องสอน,2540,2129,2001,4130
นครสวรรค์,2540,6149,5906,12055
อุทัยธานี,2540,2177,2130,4307
กำแพงเพชร,2540,4150,3912,8062
ตาก,2540,4364,3954,8318
สุโขทัย,2540,3339,3204,6543
พิษณุโลก,2540,4155,3860,8015
พิจิตร,2540,3645,3499,7144
เพชรบูรณ์,2540,6004,5767,11771
ราชบุรี,2540,7528,7154,14682
กาญจนบุรี,2540,4626,4416,9042
สุพรรณบุรี,2540,5492,5260,10752
นครปฐม,2540,4699,4488,9187
สมุทรสาคร,2540,5113,4597,9710
สมุทรสงคราม,2540,1185,1155,2340
เพชรบุรี,2540,2806,2611,5417
ประจวบคีรีขันธ์,2540,3078,2976,6054
นครศรีธรรมราช,2540,11328,10786,22114
กระบี่,2540,3042,2867,5909
พังงา,2540,1955,1907,3862
ภูเก็ต,2540,2640,2498,5138
สุราษฎร์ธานี,2540,4557,4160,8717
ระนอง,2540,1459,1377,2836
ชุมพร,2540,3426,3253,6679
สงขลา,2540,9711,9375,19086
สตูล,2540,2124,1959,4083
ตรัง,2540,5232,5065,10297
พัทลุง,2540,3654,3379,7033
ปัตตานี,2540,7101,6897,13998
ยะลา,2540,4983,4824,9807
นราธิวาส,2540,6729,6592,13321
กรุงเทพมหานคร,2541,46329,42753,89082
สมุทรปราการ,2541,6935,6516,13451
นนทบุรี,2541,5208,4910,10118
ปทุมธานี,2541,3721,3510,7231
พระนครศรีอยุธยา,2541,4876,4638,9514
อ่างทอง,2541,1564,1598,3162
ลพบุรี,2541,4517,4248,8765
สิงห์บุรี,2541,1589,1500,3089
ชัยนาท,2541,1493,1479,2972
สระบุรี,2541,5023,4666,9689
ชลบุรี,2541,11127,10640,21767
ระยอง,2541,4619,4315,8934
จันทบุรี,2541,3484,3307,6791
ตราด,2541,1522,1467,2989
ฉะเชิงเทรา,2541,4062,3865,7927
ปราจีนบุรี,2541,3180,2993,6173
นครนายก,2541,1437,1413,2850
สระแก้ว,2541,3486,3328,6814
นครราชสีมา,2541,17194,16313,33507
บุรีรัมย์,2541,10914,10220,21134
สุรินทร์,2541,10036,9693,19729
ศรีสะเกษ,2541,10484,10285,20769
อุบลราชธานี,2541,13991,13183,27174
ยโสธร,2541,3960,3452,7412
ชัยภูมิ,2541,6731,6519,13250
อำนาจเจริญ,2541,2423,2341,4764
หนองบัวลำภู,2541,3494,3239,6733
ขอนแก่น,2541,12998,12515,25513
อุดรธานี,2541,11062,10498,21560
เลย,2541,4103,3904,8007
หนองคาย,2541,6756,6359,13115
มหาสารคาม,2541,5520,5209,10729
ร้อยเอ็ด,2541,8511,8226,16737
กาฬสินธุ์,2541,5779,5725,11504
สกลนคร,2541,8226,8181,16407
นครพนม,2541,5402,5033,10435
มุกดาหาร,2541,2559,2460,5019
เชียงใหม่,2541,7765,7294,15059
ลำพูน,2541,1542,1561,3103
ลำปาง,2541,4178,3733,7911
อุตรดิตถ์,2541,2877,2751,5628
แพร่,2541,2442,2375,4817
น่าน,2541,3048,2939,5987
พะเยา,2541,2766,2612,5378
เชียงราย,2541,7433,7072,14505
แม่ฮ่องสอน,2541,2295,2163,4458
นครสวรรค์,2541,6583,6100,12683
อุทัยธานี,2541,2252,2178,4430
กำแพงเพชร,2541,4285,4205,8490
ตาก,2541,4596,4433,9029
สุโขทัย,2541,3538,3213,6751
พิษณุโลก,2541,5266,4927,10193
พิจิตร,2541,3201,2976,6177
เพชรบูรณ์,2541,5875,5727,11602
ราชบุรี,2541,6402,6150,12552
กาญจนบุรี,2541,5392,5040,10432
สุพรรณบุรี,2541,5230,5037,10267
นครปฐม,2541,5463,5190,10653
สมุทรสาคร,2541,4659,4212,8871
สมุทรสงคราม,2541,1049,1056,2105
เพชรบุรี,2541,2755,2639,5394
ประจวบคีรีขันธ์,2541,3202,3146,6348
นครศรีธรรมราช,2541,10484,9878,20362
กระบี่,2541,3407,3136,6543
พังงา,2541,1797,1778,3575
ภูเก็ต,2541,2727,2689,5416
สุราษฎร์ธานี,2541,7900,7243,15143
ระนอง,2541,1350,1296,2646
ชุมพร,2541,3666,3438,7104
สงขลา,2541,11251,10632,21883
สตูล,2541,2330,2238,4568
ตรัง,2541,5237,5136,10373
พัทลุง,2541,3436,3263,6699
ปัตตานี,2541,6641,6404,13045
ยะลา,2541,5856,5593,11449
นราธิวาส,2541,7943,7872,15815
กรุงเทพมหานคร,2542,50412,47602,98014
สมุทรปราการ,2542,6179,5650,11829
นนทบุรี,2542,4337,4123,8460
ปทุมธานี,2542,3313,3152,6465
พระนครศรีอยุธยา,2542,3709,3595,7304
อ่างทอง,2542,1482,1369,2851
ลพบุรี,2542,4171,3843,8014
สิงห์บุรี,2542,1404,1375,2779
ชัยนาท,2542,1318,1201,2519
สระบุรี,2542,4525,4067,8592
ชลบุรี,2542,11115,10125,21240
ระยอง,2542,3593,3513,7106
จันทบุรี,2542,2888,2635,5523
ตราด,2542,1324,1351,2675
ฉะเชิงเทรา,2542,3891,3682,7573
ปราจีนบุรี,2542,2484,2457,4941
นครนายก,2542,1365,1222,2587
สระแก้ว,2542,3415,3258,6673
นครราชสีมา,2542,15893,14921,30814
บุรีรัมย์,2542,8283,8078,16361
สุรินทร์,2542,8397,7887,16284
ศรีสะเกษ,2542,8495,8327,16822
อุบลราชธานี,2542,10707,10254,20961
ยโสธร,2542,3451,3168,6619
ชัยภูมิ,2542,5209,4977,10186
อำนาจเจริญ,2542,2207,2081,4288
หนองบัวลำภู,2542,2892,2787,5679
ขอนแก่น,2542,11196,10574,21770
อุดรธานี,2542,11028,10413,21441
เลย,2542,3537,3348,6885
หนองคาย,2542,5442,5288,10730
มหาสารคาม,2542,4615,4251,8866
ร้อยเอ็ด,2542,6785,6257,13042
กาฬสินธุ์,2542,4699,4473,9172
สกลนคร,2542,7507,6994,14501
นครพนม,2542,4599,4411,9010
มุกดาหาร,2542,2376,2271,4647
เชียงใหม่,2542,9267,8955,18222
ลำพูน,2542,1419,1350,2769
ลำปาง,2542,3451,3346,6797
อุตรดิตถ์,2542,2451,2308,4759
แพร่,2542,2139,1841,3980
น่าน,2542,2575,2541,5116
พะเยา,2542,2254,2239,4493
เชียงราย,2542,6533,6157,12690
แม่ฮ่องสอน,2542,1965,1774,3739
นครสวรรค์,2542,5527,5274,10801
อุทัยธานี,2542,1940,1794,3734
กำแพงเพชร,2542,3689,3608,7297
ตาก,2542,4556,4187,8743
สุโขทัย,2542,2663,2420,5083
พิษณุโลก,2542,4788,4555,9343
พิจิตร,2542,2894,2736,5630
เพชรบูรณ์,2542,5174,4916,10090
ราชบุรี,2542,5792,5371,11163
กาญจนบุรี,2542,4605,4247,8852
สุพรรณบุรี,2542,4516,4143,8659
นครปฐม,2542,5189,4848,10037
สมุทรสาคร,2542,4159,3803,7962
สมุทรสงคราม,2542,991,904,1895
เพชรบุรี,2542,2405,2343,4748
ประจวบคีรีขันธ์,2542,3038,2772,5810
นครศรีธรรมราช,2542,10759,10133,20892
กระบี่,2542,3204,3039,6243
พังงา,2542,1836,1724,3560
ภูเก็ต,2542,2839,2537,5376
สุราษฎร์ธานี,2542,7324,7077,14401
ระนอง,2542,1285,1275,2560
ชุมพร,2542,3313,3133,6446
สงขลา,2542,10557,9981,20538
สตูล,2542,2224,2037,4261
ตรัง,2542,4266,4029,8295
พัทลุง,2542,2868,2596,5464
ปัตตานี,2542,5327,4982,10309
ยะลา,2542,4260,3894,8154
นราธิวาส,2542,6275,5940,12215
กรุงเทพมหานคร,2543,56725,53217,109942
สมุทรปราการ,2543,6808,6375,13183
นนทบุรี,2543,4619,4328,8947
ปทุมธานี,2543,2544,2436,4980
พระนครศรีอยุธยา,2543,2806,2665,5471
อ่างทอง,2543,1321,1264,2585
ลพบุรี,2543,4077,3867,7944
สิงห์บุรี,2543,1328,1216,2544
ชัยนาท,2543,1207,1110,2317
สระบุรี,2543,4084,3777,7861
ชลบุรี,2543,9531,9279,18810
ระยอง,2543,3684,3620,7304
จันทบุรี,2543,3134,2960,6094
ตราด,2543,1589,1448,3037
ฉะเชิงเทรา,2543,3902,3764,7666
ปราจีนบุรี,2543,3159,2862,6021
นครนายก,2543,1327,1277,2604
สระแก้ว,2543,3020,2863,5883
นครราชสีมา,2543,15400,14722,30122
บุรีรัมย์,2543,9479,8969,18448
สุรินทร์,2543,9115,8764,17879
ศรีสะเกษ,2543,8671,8622,17293
อุบลราชธานี,2543,11949,11604,23553
ยโสธร,2543,3080,2877,5957
ชัยภูมิ,2543,5653,5414,11067
อำนาจเจริญ,2543,1933,1887,3820
หนองบัวลำภู,2543,2613,2495,5108
ขอนแก่น,2543,11254,10624,21878
อุดรธานี,2543,10135,9596,19731
เลย,2543,3158,2915,6073
หนองคาย,2543,5920,5694,11614
มหาสารคาม,2543,4401,4189,8590
ร้อยเอ็ด,2543,5783,5503,11286
กาฬสินธุ์,2543,5075,4941,10016
สกลนคร,2543,6697,6359,13056
นครพนม,2543,4537,4480,9017
มุกดาหาร,2543,2229,2084,4313
เชียงใหม่,2543,9695,9352,19047
ลำพูน,2543,1322,1198,2520
ลำปาง,2543,2330,2287,4617
อุตรดิตถ์,2543,2200,1988,4188
แพร่,2543,1853,1781,3634
น่าน,2543,2279,2154,4433
พะเยา,2543,1735,1714,3449
เชียงราย,2543,5601,5358,10959
แม่ฮ่องสอน,2543,1948,1844,3792
นครสวรรค์,2543,5508,5382,10890
อุทัยธานี,2543,1976,1780,3756
กำแพงเพชร,2543,3417,3363,6780
ตาก,2543,4640,4336,8976
สุโขทัย,2543,2945,2754,5699
พิษณุโลก,2543,4068,3856,7924
พิจิตร,2543,3030,2797,5827
เพชรบูรณ์,2543,5227,4879,10106
ราชบุรี,2543,6213,6082,12295
กาญจนบุรี,2543,4882,4613,9495
สุพรรณบุรี,2543,4767,4461,9228
นครปฐม,2543,5472,5187,10659
สมุทรสาคร,2543,4633,4284,8917
สมุทรสงคราม,2543,1030,1012,2042
เพชรบุรี,2543,2614,2534,5148
ประจวบคีรีขันธ์,2543,3034,2929,5963
นครศรีธรรมราช,2543,9920,9605,19525
กระบี่,2543,3233,3048,6281
พังงา,2543,1662,1510,3172
ภูเก็ต,2543,2863,2685,5548
สุราษฎร์ธานี,2543,7252,6824,14076
ระนอง,2543,1247,1209,2456
ชุมพร,2543,3593,3277,6870
สงขลา,2543,10791,10228,21019
สตูล,2543,2310,2123,4433
ตรัง,2543,4061,3804,7865
พัทลุง,2543,3027,2789,5816
ปัตตานี,2543,6451,6235,12686
ยะลา,2543,5497,5035,10532
นราธิวาส,2543,6878,6503,13381
กรุงเทพมหานคร,2544,54455,51349,105804
สมุทรปราการ,2544,5059,4670,9729
นนทบุรี,2544,4764,4620,9384
ปทุมธานี,2544,3525,3380,6905
พระนครศรีอยุธยา,2544,4411,4044,8455
อ่างทอง,2544,1230,1081,2311
ลพบุรี,2544,4017,3763,7780
สิงห์บุรี,2544,1193,1202,2395
ชัยนาท,2544,1134,1130,2264
สระบุรี,2544,3951,3566,7517
ชลบุรี,2544,11234,10372,21606
ระยอง,2544,3864,3578,7442
จันทบุรี,2544,3146,2949,6095
ตราด,2544,1324,1189,2513
ฉะเชิงเทรา,2544,3245,2942,6187
ปราจีนบุรี,2544,2997,2753,5750
นครนายก,2544,1389,1314,2703
สระแก้ว,2544,3148,2909,6057
นครราชสีมา,2544,15119,14351,29470
บุรีรัมย์,2544,9605,8997,18602
สุรินทร์,2544,8295,7934,16229
ศรีสะเกษ,2544,8495,7822,16317
อุบลราชธานี,2544,11820,11137,22957
ยโสธร,2544,2990,2829,5819
ชัยภูมิ,2544,5561,5172,10733
อำนาจเจริญ,2544,1970,1930,3900
หนองบัวลำภู,2544,2842,2749,5591
ขอนแก่น,2544,10397,9920,20317
อุดรธานี,2544,9572,9161,18733
เลย,2544,3263,3164,6427
หนองคาย,2544,5367,5171,10538
มหาสารคาม,2544,4349,4040,8389
ร้อยเอ็ด,2544,6412,5918,12330
กาฬสินธุ์,2544,4399,4342,8741
สกลนคร,2544,6955,6490,13445
นครพนม,2544,4355,4227,8582
มุกดาหาร,2544,2034,1917,3951
เชียงใหม่,2544,9441,8721,18162
ลำพูน,2544,1541,1500,3041
ลำปาง,2544,3106,2957,6063
อุตรดิตถ์,2544,2166,2013,4179
แพร่,2544,1728,1783,3511
น่าน,2544,2257,2092,4349
พะเยา,2544,2180,2027,4207
เชียงราย,2544,6048,5915,11963
แม่ฮ่องสอน,2544,2115,1929,4044
นครสวรรค์,2544,5386,5062,10448
อุทัยธานี,2544,1729,1573,3302
กำแพงเพชร,2544,3500,3273,6773
ตาก,2544,4787,4518,9305
สุโขทัย,2544,2774,2603,5377
พิษณุโลก,2544,4334,4259,8593
พิจิตร,2544,2485,2313,4798
เพชรบูรณ์,2544,4667,4413,9080
ราชบุรี,2544,5354,5111,10465
กาญจนบุรี,2544,4419,4181,8600
สุพรรณบุรี,2544,4239,3935,8174
นครปฐม,2544,5150,4724,9874
สมุทรสาคร,2544,4181,3965,8146
สมุทรสงคราม,2544,946,915,1861
เพชรบุรี,2544,2424,2289,4713
ประจวบคีรีขันธ์,2544,3078,2744,5822
นครศรีธรรมราช,2544,9672,9244,18916
กระบี่,2544,3128,2892,6020
พังงา,2544,1625,1580,3205
ภูเก็ต,2544,2660,2496,5156
สุราษฎร์ธานี,2544,6983,6743,13726
ระนอง,2544,1107,994,2101
ชุมพร,2544,3217,3000,6217
สงขลา,2544,10135,9604,19739
สตูล,2544,2155,2140,4295
ตรัง,2544,4375,4081,8456
พัทลุง,2544,2879,2734,5613
ปัตตานี,2544,6322,5986,12308
ยะลา,2544,5286,5038,10324
นราธิวาส,2544,6780,6433,13213
กรุงเทพมหานคร,2545,56372,52977,109349
สมุทรปราการ,2545,5962,5635,11597
นนทบุรี,2545,4939,4516,9455
ปทุมธานี,2545,4362,4137,8499
พระนครศรีอยุธยา,2545,4646,4251,8897
อ่างทอง,2545,1225,1089,2314
ลพบุรี,2545,3907,3700,7607
สิงห์บุรี,2545,1209,1207,2416
ชัยนาท,2545,1161,1110,2271
สระบุรี,2545,3909,3739,7648
ชลบุรี,2545,11521,10858,22379
ระยอง,2545,3895,3616,7511
จันทบุรี,2545,3023,2687,5710
ตราด,2545,1283,1213,2496
ฉะเชิงเทรา,2545,3239,3011,6250
ปราจีนบุรี,2545,2933,2739,5672
นครนายก,2545,1433,1305,2738
สระแก้ว,2545,3023,2927,5950
นครราชสีมา,2545,14885,14233,29118
บุรีรัมย์,2545,9379,8889,18268
สุรินทร์,2545,8053,7511,15564
ศรีสะเกษ,2545,7931,7582,15513
อุบลราชธานี,2545,11511,10833,22344
ยโสธร,2545,2930,2661,5591
ชัยภูมิ,2545,5156,4899,10055
อำนาจเจริญ,2545,2041,1858,3899
หนองบัวลำภู,2545,2882,2720,5602
ขอนแก่น,2545,9994,9579,19573
อุดรธานี,2545,9668,9208,18876
เลย,2545,3248,3136,6384
หนองคาย,2545,4903,4632,9535
มหาสารคาม,2545,4220,3919,8139
ร้อยเอ็ด,2545,5673,5378,11051
กาฬสินธุ์,2545,4718,4491,9209
สกลนคร,2545,5873,5771,11644
นครพนม,2545,4301,3881,8182
มุกดาหาร,2545,1923,1877,3800
เชียงใหม่,2545,9806,9216,19022
ลำพูน,2545,1623,1543,3166
ลำปาง,2545,3087,3018,6105
อุตรดิตถ์,2545,2356,2177,4533
แพร่,2545,1895,1782,3677
น่าน,2545,2228,2152,4380
พะเยา,2545,2012,1916,3928
เชียงราย,2545,5816,5463,11279
แม่ฮ่องสอน,2545,1958,1766,3724
นครสวรรค์,2545,5368,5191,10559
อุทัยธานี,2545,1796,1688,3484
กำแพงเพชร,2545,3491,3253,6744
ตาก,2545,4871,4748,9619
สุโขทัย,2545,2726,2553,5279
พิษณุโลก,2545,4309,4109,8418
พิจิตร,2545,2482,2302,4784
เพชรบูรณ์,2545,4710,4562,9272
ราชบุรี,2545,5682,5345,11027
กาญจนบุรี,2545,4936,4701,9637
สุพรรณบุรี,2545,4344,4157,8501
นครปฐม,2545,5374,5067,10441
สมุทรสาคร,2545,4917,4671,9588
สมุทรสงคราม,2545,944,905,1849
เพชรบุรี,2545,2483,2193,4676
ประจวบคีรีขันธ์,2545,3004,2915,5919
นครศรีธรรมราช,2545,9483,9042,18525
กระบี่,2545,2881,2719,5600
พังงา,2545,1565,1436,3001
ภูเก็ต,2545,3154,2845,5999
สุราษฎร์ธานี,2545,7379,6976,14355
ระนอง,2545,1157,1064,2221
ชุมพร,2545,3164,3031,6195
สงขลา,2545,10514,9855,20369
สตูล,2545,2331,2221,4552
ตรัง,2545,4488,4105,8593
พัทลุง,2545,2881,2589,5470
ปัตตานี,2545,6475,6282,12757
ยะลา,2545,5449,4969,10418
นราธิวาส,2545,6688,6327,13015
กรุงเทพมหานคร,2546,57018,53101,110119
สมุทรปราการ,2546,6504,5836,12340
นนทบุรี,2546,4400,4211,8611
ปทุมธานี,2546,4695,4381,9076
พระนครศรีอยุธยา,2546,4685,4300,8985
อ่างทอง,2546,1493,1415,2908
ลพบุรี,2546,4044,3826,7870
สิงห์บุรี,2546,1256,1168,2424
ชัยนาท,2546,1319,1238,2557
สระบุรี,2546,4479,4225,8704
ชลบุรี,2546,12101,11398,23499
ระยอง,2546,4462,4130,8592
จันทบุรี,2546,3189,3074,6263
ตราด,2546,1355,1327,2682
ฉะเชิงเทรา,2546,3824,3721,7545
ปราจีนบุรี,2546,2887,2774,5661
นครนายก,2546,1497,1400,2897
สระแก้ว,2546,3247,2899,6146
นครราชสีมา,2546,15129,14359,29488
บุรีรัมย์,2546,8490,8214,16704
สุรินทร์,2546,8164,7517,15681
ศรีสะเกษ,2546,7558,7149,14707
อุบลราชธานี,2546,11482,10925,22407
ยโสธร,2546,2898,2746,5644
ชัยภูมิ,2546,5312,5193,10505
อำนาจเจริญ,2546,1688,1661,3349
หนองบัวลำภู,2546,2805,2610,5415
ขอนแก่น,2546,9958,9111,19069
อุดรธานี,2546,9421,8987,18408
เลย,2546,3479,3265,6744
หนองคาย,2546,5033,4968,10001
มหาสารคาม,2546,4074,3869,7943
ร้อยเอ็ด,2546,5771,5587,11358
กาฬสินธุ์,2546,4769,4611,9380
สกลนคร,2546,6726,6386,13112
นครพนม,2546,3812,3638,7450
มุกดาหาร,2546,1878,1763,3641
เชียงใหม่,2546,9907,9328,19235
ลำพูน,2546,1628,1508,3136
ลำปาง,2546,3068,2798,5866
อุตรดิตถ์,2546,2243,2138,4381
แพร่,2546,1910,1757,3667
น่าน,2546,2135,2114,4249
พะเยา,2546,1967,1816,3783
เชียงราย,2546,5825,5398,11223
แม่ฮ่องสอน,2546,1775,1767,3542
นครสวรรค์,2546,5448,5076,10524
อุทัยธานี,2546,1680,1518,3198
กำแพงเพชร,2546,3564,3331,6895
ตาก,2546,4835,4643,9478
สุโขทัย,2546,2805,2452,5257
พิษณุโลก,2546,4212,4132,8344
พิจิตร,2546,2567,2465,5032
เพชรบูรณ์,2546,4913,4664,9577
ราชบุรี,2546,5880,5595,11475
กาญจนบุรี,2546,4983,4565,9548
สุพรรณบุรี,2546,4603,4295,8898
นครปฐม,2546,5635,5504,11139
สมุทรสาคร,2546,4625,4442,9067
สมุทรสงคราม,2546,943,846,1789
เพชรบุรี,2546,2518,2508,5026
ประจวบคีรีขันธ์,2546,2990,2904,5894
นครศรีธรรมราช,2546,9355,8974,18329
กระบี่,2546,3099,2883,5982
พังงา,2546,1551,1505,3056
ภูเก็ต,2546,3280,2970,6250
สุราษฎร์ธานี,2546,7225,6794,14019
ระนอง,2546,1037,952,1989
ชุมพร,2546,3206,2936,6142
สงขลา,2546,10394,9862,20256
สตูล,2546,2183,2140,4323
ตรัง,2546,4316,3924,8240
พัทลุง,2546,2811,2671,5482
ปัตตานี,2546,6513,6249,12762
ยะลา,2546,5563,5113,10676
นราธิวาส,2546,6534,6297,12831
กรุงเทพมหานคร,2547,60444,56452,116896
สมุทรปราการ,2547,8134,7546,15680
นนทบุรี,2547,6082,5667,11749
ปทุมธานี,2547,5972,5768,11740
พระนครศรีอยุธยา,2547,5168,4787,9955
อ่างทอง,2547,1496,1334,2830
ลพบุรี,2547,4292,4108,8400
สิงห์บุรี,2547,1246,1235,2481
ชัยนาท,2547,1357,1269,2626
สระบุรี,2547,4683,4454,9137
ชลบุรี,2547,13232,12506,25738
ระยอง,2547,4824,4615,9439
จันทบุรี,2547,3534,3341,6875
ตราด,2547,1446,1359,2805
ฉะเชิงเทรา,2547,4363,4109,8472
ปราจีนบุรี,2547,3034,2926,5960
นครนายก,2547,1569,1596,3165
สระแก้ว,2547,3255,3023,6278
นครราชสีมา,2547,15202,14316,29518
บุรีรัมย์,2547,9418,8878,18296
สุรินทร์,2547,7993,7860,15853
ศรีสะเกษ,2547,7693,7325,15018
อุบลราชธานี,2547,11823,11108,22931
ยโสธร,2547,2745,2708,5453
ชัยภูมิ,2547,5718,5293,11011
อำนาจเจริญ,2547,2088,1965,4053
หนองบัวลำภู,2547,2871,2710,5581
ขอนแก่น,2547,10599,10045,20644
อุดรธานี,2547,9201,8878,18079
เลย,2547,3603,3440,7043
หนองคาย,2547,5381,5114,10495
มหาสารคาม,2547,4309,4263,8572
ร้อยเอ็ด,2547,6093,5830,11923
กาฬสินธุ์,2547,5115,4763,9878
สกลนคร,2547,7298,6892,14190
นครพนม,2547,4106,4043,8149
มุกดาหาร,2547,1615,1647,3262
เชียงใหม่,2547,10346,9751,20097
ลำพูน,2547,1729,1567,3296
ลำปาง,2547,3108,2933,6041
อุตรดิตถ์,2547,2005,1915,3920
แพร่,2547,1877,1782,3659
น่าน,2547,2318,2186,4504
พะเยา,2547,2060,2068,4128
เชียงราย,2547,6201,5848,12049
แม่ฮ่องสอน,2547,2076,1968,4044
นครสวรรค์,2547,5703,5382,11085
อุทัยธานี,2547,1833,1740,3573
กำแพงเพชร,2547,3746,3516,7262
ตาก,2547,4677,4475,9152
สุโขทัย,2547,2886,2718,5604
พิษณุโลก,2547,4332,3916,8248
พิจิตร,2547,2517,2314,4831
เพชรบูรณ์,2547,4953,4802,9755
ราชบุรี,2547,4613,4476,9089
กาญจนบุรี,2547,5600,5369,10969
สุพรรณบุรี,2547,4943,4593,9536
นครปฐม,2547,6157,5779,11936
สมุทรสาคร,2547,5506,5180,10686
สมุทรสงคราม,2547,987,893,1880
เพชรบุรี,2547,2672,2662,5334
ประจวบคีรีขันธ์,2547,3271,2980,6251
นครศรีธรรมราช,2547,9617,9074,18691
กระบี่,2547,3607,3397,7004
พังงา,2547,1672,1611,3283
ภูเก็ต,2547,3273,3155,6428
สุราษฎร์ธานี,2547,7395,7258,14653
ระนอง,2547,1116,1071,2187
ชุมพร,2547,3324,3177,6501
สงขลา,2547,11027,10534,21561
สตูล,2547,2477,2346,4823
ตรัง,2547,4527,4140,8667
พัทลุง,2547,2926,2754,5680
ปัตตานี,2547,6290,5942,12232
ยะลา,2547,5455,5011,10466
นราธิวาส,2547,6940,6373,13313
กรุงเทพมหานคร,2548,57775,54093,111868
สมุทรปราการ,2548,7830,7404,15234
นนทบุรี,2548,5896,5543,11439
ปทุมธานี,2548,6365,5595,11960
พระนครศรีอยุธยา,2548,5056,4835,9891
อ่างทอง,2548,1520,1460,2980
ลพบุรี,2548,4208,3962,8170
สิงห์บุรี,2548,1218,1275,2493
ชัยนาท,2548,1408,1380,2788
สระบุรี,2548,4596,4268,8864
ชลบุรี,2548,13685,12994,26679
ระยอง,2548,4902,4762,9664
จันทบุรี,2548,3293,3100,6393
ตราด,2548,1432,1306,2738
ฉะเชิงเทรา,2548,3978,3994,7972
ปราจีนบุรี,2548,2988,3004,5992
นครนายก,2548,1672,1603,3275
สระแก้ว,2548,3216,3024,6240
นครราชสีมา,2548,14624,13992,28616
บุรีรัมย์,2548,9225,8614,17839
สุรินทร์,2548,7961,7571,15532
ศรีสะเกษ,2548,7504,7037,14541
อุบลราชธานี,2548,11328,10765,22093
ยโสธร,2548,2597,2451,5048
ชัยภูมิ,2548,5479,5223,10702
อำนาจเจริญ,2548,2009,1943,3952
หนองบัวลำภู,2548,2769,2678,5447
ขอนแก่น,2548,10208,9724,19932
อุดรธานี,2548,9011,8513,17524
เลย,2548,3486,3355,6841
หนองคาย,2548,5296,4931,10227
มหาสารคาม,2548,4171,4144,8315
ร้อยเอ็ด,2548,5985,5675,11660
กาฬสินธุ์,2548,4896,4674,9570
สกลนคร,2548,7121,6766,13887
นครพนม,2548,4171,3957,8128
มุกดาหาร,2548,1682,1679,3361
เชียงใหม่,2548,10074,9680,19754
ลำพูน,2548,1717,1593,3310
ลำปาง,2548,3092,2821,5913
อุตรดิตถ์,2548,2334,2143,4477
แพร่,2548,1869,1712,3581
น่าน,2548,2228,2054,4282
พะเยา,2548,2071,1883,3954
เชียงราย,2548,5886,5808,11694
แม่ฮ่องสอน,2548,1987,1774,3761
นครสวรรค์,2548,5438,5249,10687
อุทัยธานี,2548,1741,1688,3429
กำแพงเพชร,2548,3680,3352,7032
ตาก,2548,5141,4962,10103
สุโขทัย,2548,2865,2564,5429
พิษณุโลก,2548,4538,4199,8737
พิจิตร,2548,2484,2383,4867
เพชรบูรณ์,2548,4724,4603,9327
ราชบุรี,2548,5275,4989,10264
กาญจนบุรี,2548,5494,5118,10612
สุพรรณบุรี,2548,4720,4482,9202
นครปฐม,2548,5790,5347,11137
สมุทรสาคร,2548,5491,5106,10597
สมุทรสงคราม,2548,978,924,1902
เพชรบุรี,2548,2757,2644,5401
ประจวบคีรีขันธ์,2548,3268,3061,6329
นครศรีธรรมราช,2548,9420,8799,18219
กระบี่,2548,3761,3596,7357
พังงา,2548,1647,1602,3249
ภูเก็ต,2548,3527,3328,6855
สุราษฎร์ธานี,2548,7721,7231,14952
ระนอง,2548,1144,1112,2256
ชุมพร,2548,3244,3139,6383
สงขลา,2548,11122,10343,21465
สตูล,2548,2428,2337,4765
ตรัง,2548,4645,4388,9033
พัทลุง,2548,2989,2786,5775
ปัตตานี,2548,6249,5931,12180
ยะลา,2548,5251,5162,10413
นราธิวาส,2548,6860,6409,13269
กรุงเทพมหานคร,2549,56923,53001,109924
สมุทรปราการ,2549,9649,8918,18567
นนทบุรี,2549,6019,5763,11782
ปทุมธานี,2549,7831,7265,15096
พระนครศรีอยุธยา,2549,5002,4849,9851
อ่างทอง,2549,1475,1403,2878
ลพบุรี,2549,3956,3827,7783
สิงห์บุรี,2549,1163,1074,2237
ชัยนาท,2549,1460,1388,2848
สระบุรี,2549,4571,4260,8831
ชลบุรี,2549,14310,13443,27753
ระยอง,2549,4952,4731,9683
จันทบุรี,2549,3301,3139,6440
ตราด,2549,1351,1254,2605
ฉะเชิงเทรา,2549,4175,4094,8269
ปราจีนบุรี,2549,3083,2846,5929
นครนายก,2549,1541,1431,2972
สระแก้ว,2549,3075,2921,5996
นครราชสีมา,2549,14101,13203,27304
บุรีรัมย์,2549,8666,7866,16532
สุรินทร์,2549,7388,6931,14319
ศรีสะเกษ,2549,7396,6871,14267
อุบลราชธานี,2549,10810,10251,21061
ยโสธร,2549,2484,2379,4863
ชัยภูมิ,2549,5330,4994,10324
อำนาจเจริญ,2549,1993,1820,3813
หนองบัวลำภู,2549,2760,2621,5381
ขอนแก่น,2549,9943,9390,19333
อุดรธานี,2549,8720,8328,17048
เลย,2549,3444,3219,6663
หนองคาย,2549,5076,4863,9939
มหาสารคาม,2549,4128,3868,7996
ร้อยเอ็ด,2549,5763,5359,11122
กาฬสินธุ์,2549,4748,4478,9226
สกลนคร,2549,7024,6463,13487
นครพนม,2549,3990,3854,7844
มุกดาหาร,2549,1996,1858,3854
เชียงใหม่,2549,10470,9680,20150
ลำพูน,2549,1741,1580,3321
ลำปาง,2549,2794,2636,5430
อุตรดิตถ์,2549,2180,1960,4140
แพร่,2549,1662,1655,3317
น่าน,2549,2218,2130,4348
พะเยา,2549,1973,1898,3871
เชียงราย,2549,5818,5590,11408
แม่ฮ่องสอน,2549,1921,1798,3719
นครสวรรค์,2549,5423,5143,10566
อุทัยธานี,2549,1774,1655,3429
กำแพงเพชร,2549,3370,3265,6635
ตาก,2549,4399,4292,8691
สุโขทัย,2549,2768,2478,5246
พิษณุโลก,2549,4419,4150,8569
พิจิตร,2549,2503,2430,4933
เพชรบูรณ์,2549,4719,4313,9032
ราชบุรี,2549,5898,5499,11397
กาญจนบุรี,2549,5370,4916,10286
สุพรรณบุรี,2549,4684,4490,9174
นครปฐม,2549,4881,4724,9605
สมุทรสาคร,2549,6220,5756,11976
สมุทรสงคราม,2549,903,762,1665
เพชรบุรี,2549,2862,2602,5464
ประจวบคีรีขันธ์,2549,3338,2983,6321
นครศรีธรรมราช,2549,9339,8938,18277
กระบี่,2549,3762,3418,7180
พังงา,2549,1751,1655,3406
ภูเก็ต,2549,3615,3258,6873
สุราษฎร์ธานี,2549,7699,7378,15077
ระนอง,2549,1134,1115,2249
ชุมพร,2549,3205,3016,6221
สงขลา,2549,10974,10300,21274
สตูล,2549,2426,2305,4731
ตรัง,2549,4785,4479,9264
พัทลุง,2549,2924,2839,5763
ปัตตานี,2549,6214,5899,12113
ยะลา,2549,5380,5035,10415
นราธิวาส,2549,6936,6632,13568
กรุงเทพมหานคร,2550,57296,53238,110534
สมุทรปราการ,2550,8273,7710,15983
นนทบุรี,2550,6114,5648,11762
ปทุมธานี,2550,6882,6356,13238
พระนครศรีอยุธยา,2550,5454,5017,10471
อ่างทอง,2550,1601,1497,3098
ลพบุรี,2550,4151,3777,7928
สิงห์บุรี,2550,1202,1169,2371
ชัยนาท,2550,1553,1475,3028
สระบุรี,2550,4675,4391,9066
ชลบุรี,2550,14625,13900,28525
ระยอง,2550,5109,4910,10019
จันทบุรี,2550,3311,3180,6491
ตราด,2550,1378,1310,2688
ฉะเชิงเทรา,2550,4433,4229,8662
ปราจีนบุรี,2550,3124,3034,6158
นครนายก,2550,1799,1604,3403
สระแก้ว,2550,3048,3024,6072
นครราชสีมา,2550,14454,13481,27935
บุรีรัมย์,2550,8592,8136,16728
สุรินทร์,2550,7376,7174,14550
ศรีสะเกษ,2550,7349,7142,14491
อุบลราชธานี,2550,10955,10306,21261
ยโสธร,2550,2590,2433,5023
ชัยภูมิ,2550,5635,5204,10839
อำนาจเจริญ,2550,1959,1816,3775
หนองบัวลำภู,2550,2687,2516,5203
ขอนแก่น,2550,10109,9440,19549
อุดรธานี,2550,8679,8185,16864
เลย,2550,3420,3330,6750
หนองคาย,2550,5013,4915,9928
มหาสารคาม,2550,4165,3921,8086
ร้อยเอ็ด,2550,5713,5546,11259
กาฬสินธุ์,2550,4884,4619,9503
สกลนคร,2550,6874,6597,13471
นครพนม,2550,3948,3813,7761
มุกดาหาร,2550,2026,1894,3920
เชียงใหม่,2550,9873,9066,18939
ลำพูน,2550,1785,1607,3392
ลำปาง,2550,2735,2720,5455
อุตรดิตถ์,2550,2154,2073,4227
แพร่,2550,1758,1711,3469
น่าน,2550,2251,2110,4361
พะเยา,2550,2039,1862,3901
เชียงราย,2550,5840,5595,11435
แม่ฮ่องสอน,2550,1864,1730,3594
นครสวรรค์,2550,5556,5326,10882
อุทัยธานี,2550,1811,1724,3535
กำแพงเพชร,2550,3522,3299,6821
ตาก,2550,4298,3989,8287
สุโขทัย,2550,2762,2632,5394
พิษณุโลก,2550,4457,4226,8683
พิจิตร,2550,2654,2409,5063
เพชรบูรณ์,2550,4809,4432,9241
ราชบุรี,2550,6026,5677,11703
กาญจนบุรี,2550,5513,5218,10731
สุพรรณบุรี,2550,4790,4543,9333
นครปฐม,2550,5627,5210,10837
สมุทรสาคร,2550,5393,5112,10505
สมุทรสงคราม,2550,764,704,1468
เพชรบุรี,2550,2900,2796,5696
ประจวบคีรีขันธ์,2550,3313,3191,6504
นครศรีธรรมราช,2550,9744,9292,19036
กระบี่,2550,3952,3632,7584
พังงา,2550,1719,1696,3415
ภูเก็ต,2550,3847,3570,7417
สุราษฎร์ธานี,2550,8744,8008,16752
ระนอง,2550,1086,1097,2183
ชุมพร,2550,3327,3133,6460
สงขลา,2550,11104,10480,21584
สตูล,2550,2445,2340,4785
ตรัง,2550,4619,4498,9117
พัทลุง,2550,3045,2923,5968
ปัตตานี,2550,6577,6135,12712
ยะลา,2550,5490,5222,10712
นราธิวาส,2550,7134,6676,13810
กรุงเทพมหานคร,2551,55213,51566,106779
สมุทรปราการ,2551,7994,7616,15610
นนทบุรี,2551,6015,5651,11666
ปทุมธานี,2551,6704,6358,13062
พระนครศรีอยุธยา,2551,5284,5005,10289
อ่างทอง,2551,1551,1489,3040
ลพบุรี,2551,4042,3759,7801
สิงห์บุรี,2551,1179,1101,2280
ชัยนาท,2551,1514,1394,2908
สระบุรี,2551,4487,4211,8698
ชลบุรี,2551,15010,14059,29069
ระยอง,2551,5425,4919,10344
จันทบุรี,2551,3260,3185,6445
ตราด,2551,1416,1317,2733
ฉะเชิงเทรา,2551,4419,4058,8477
ปราจีนบุรี,2551,3140,3028,6168
นครนายก,2551,1827,1622,3449
สระแก้ว,2551,3179,3040,6219
นครราชสีมา,2551,14391,13960,28351
บุรีรัมย์,2551,8545,7994,16539
สุรินทร์,2551,7091,6810,13901
ศรีสะเกษ,2551,7142,6670,13812
อุบลราชธานี,2551,10754,10383,21137
ยโสธร,2551,2570,2385,4955
ชัยภูมิ,2551,5307,5043,10350
อำนาจเจริญ,2551,1877,1877,3754
หนองบัวลำภู,2551,2641,2512,5153
ขอนแก่น,2551,10000,9176,19176
อุดรธานี,2551,8470,8189,16659
เลย,2551,3364,3244,6608
หนองคาย,2551,5078,4769,9847
มหาสารคาม,2551,4032,3804,7836
ร้อยเอ็ด,2551,5364,5166,10530
กาฬสินธุ์,2551,4702,4416,9118
สกลนคร,2551,6944,6578,13522
นครพนม,2551,3721,3626,7347
มุกดาหาร,2551,1979,1849,3828
เชียงใหม่,2551,9510,8863,18373
ลำพูน,2551,1743,1650,3393
ลำปาง,2551,2589,2560,5149
อุตรดิตถ์,2551,2077,1907,3984
แพร่,2551,1746,1573,3319
น่าน,2551,2185,1964,4149
พะเยา,2551,1881,1795,3676
เชียงราย,2551,5820,5449,11269
แม่ฮ่องสอน,2551,1796,1656,3452
นครสวรรค์,2551,5478,4960,10438
อุทัยธานี,2551,1802,1648,3450
กำแพงเพชร,2551,3357,3197,6554
ตาก,2551,5336,4941,10277
สุโขทัย,2551,2654,2451,5105
พิษณุโลก,2551,4288,4208,8496
พิจิตร,2551,2583,2438,5021
เพชรบูรณ์,2551,4622,4283,8905
ราชบุรี,2551,5741,5467,11208
กาญจนบุรี,2551,5244,5057,10301
สุพรรณบุรี,2551,4735,4314,9049
นครปฐม,2551,5246,4963,10209
สมุทรสาคร,2551,5455,5048,10503
สมุทรสงคราม,2551,672,679,1351
เพชรบุรี,2551,2752,2537,5289
ประจวบคีรีขันธ์,2551,3394,3125,6519
นครศรีธรรมราช,2551,9598,9050,18648
กระบี่,2551,3886,3725,7611
พังงา,2551,1820,1663,3483
ภูเก็ต,2551,3881,3783,7664
สุราษฎร์ธานี,2551,8527,7869,16396
ระนอง,2551,1040,1023,2063
ชุมพร,2551,3310,3098,6408
สงขลา,2551,11033,10251,21284
สตูล,2551,2521,2322,4843
ตรัง,2551,4647,4346,8993
พัทลุง,2551,3086,2950,6036
ปัตตานี,2551,6551,6029,12580
ยะลา,2551,5300,5170,10470
นราธิวาส,2551,7200,6778,13978
กรุงเทพมหานคร,2552,54213,50722,104935
สมุทรปราการ,2552,7735,7150,14885
นนทบุรี,2552,5809,5406,11215
ปทุมธานี,2552,6246,5821,12067
พระนครศรีอยุธยา,2552,5003,4787,9790
อ่างทอง,2552,1532,1489,3021
ลพบุรี,2552,4003,3761,7764
สิงห์บุรี,2552,1235,1116,2351
ชัยนาท,2552,1526,1486,3012
สระบุรี,2552,4329,4160,8489
ชลบุรี,2552,14690,13805,28495
ระยอง,2552,5445,4966,10411
จันทบุรี,2552,3376,3159,6535
ตราด,2552,1319,1198,2517
ฉะเชิงเทรา,2552,4441,4113,8554
ปราจีนบุรี,2552,3031,2901,5932
นครนายก,2552,1812,1694,3506
สระแก้ว,2552,3088,3094,6182
นครราชสีมา,2552,14237,13480,27717
บุรีรัมย์,2552,8568,7979,16547
สุรินทร์,2552,7164,6777,13941
ศรีสะเกษ,2552,7085,6820,13905
อุบลราชธานี,2552,10936,10242,21178
ยโสธร,2552,2378,2350,4728
ชัยภูมิ,2552,5607,5160,10767
อำนาจเจริญ,2552,1814,1783,3597
หนองบัวลำภู,2552,2668,2465,5133
ขอนแก่น,2552,9989,9532,19521
อุดรธานี,2552,8725,8176,16901
เลย,2552,3502,3264,6766
หนองคาย,2552,4973,4580,9553
มหาสารคาม,2552,4039,3862,7901
ร้อยเอ็ด,2552,5446,5204,10650
กาฬสินธุ์,2552,4578,4401,8979
สกลนคร,2552,6811,6575,13386
นครพนม,2552,3582,3543,7125
มุกดาหาร,2552,1928,1822,3750
เชียงใหม่,2552,9333,8784,18117
ลำพูน,2552,1708,1549,3257
ลำปาง,2552,2628,2486,5114
อุตรดิตถ์,2552,2090,1858,3948
แพร่,2552,1704,1596,3300
น่าน,2552,2156,1975,4131
พะเยา,2552,1975,1700,3675
เชียงราย,2552,5880,5404,11284
แม่ฮ่องสอน,2552,1781,1742,3523
นครสวรรค์,2552,5506,5218,10724
อุทัยธานี,2552,1699,1606,3305
กำแพงเพชร,2552,3370,3110,6480
ตาก,2552,4513,4138,8651
สุโขทัย,2552,2774,2578,5352
พิษณุโลก,2552,4460,4260,8720
พิจิตร,2552,2713,2502,5215
เพชรบูรณ์,2552,4438,4286,8724
ราชบุรี,2552,5624,5313,10937
กาญจนบุรี,2552,5164,4847,10011
สุพรรณบุรี,2552,4818,4538,9356
นครปฐม,2552,4890,4701,9591
สมุทรสาคร,2552,5243,4918,10161
สมุทรสงคราม,2552,732,633,1365
เพชรบุรี,2552,2711,2411,5122
ประจวบคีรีขันธ์,2552,3341,3091,6432
นครศรีธรรมราช,2552,9768,8974,18742
กระบี่,2552,3936,3742,7678
พังงา,2552,1747,1578,3325
ภูเก็ต,2552,3901,3734,7635
สุราษฎร์ธานี,2552,8480,7991,16471
ระนอง,2552,1161,1050,2211
ชุมพร,2552,3350,3100,6450
สงขลา,2552,10868,10181,21049
สตูล,2552,2537,2367,4904
ตรัง,2552,4592,4240,8832
พัทลุง,2552,2949,2910,5859
ปัตตานี,2552,6336,6123,12459
ยะลา,2552,5353,5117,10470
นราธิวาส,2552,6878,6575,13453
กรุงเทพมหานคร,2553,51562,48166,99728
สมุทรปราการ,2553,7902,7086,14988
นนทบุรี,2553,5762,5569,11331
ปทุมธานี,2553,6246,5855,12101
พระนครศรีอยุธยา,2553,4843,4599,9442
อ่างทอง,2553,1423,1466,2889
ลพบุรี,2553,3793,3635,7428
สิงห์บุรี,2553,1146,1036,2182
ชัยนาท,2553,1572,1430,3002
สระบุรี,2553,4167,3998,8165
ชลบุรี,2553,14280,13423,27703
ระยอง,2553,5161,4707,9868
จันทบุรี,2553,3209,3107,6316
ตราด,2553,1274,1178,2452
ฉะเชิงเทรา,2553,4200,3983,8183
ปราจีนบุรี,2553,3059,2824,5883
นครนายก,2553,1694,1627,3321
สระแก้ว,2553,3107,2979,6086
นครราชสีมา,2553,13677,13056,26733
บุรีรัมย์,2553,8392,7938,16330
สุรินทร์,2553,7160,6713,13873
ศรีสะเกษ,2553,7039,6766,13805
อุบลราชธานี,2553,10634,10107,20741
ยโสธร,2553,2417,2306,4723
ชัยภูมิ,2553,5284,5030,10314
อำนาจเจริญ,2553,1878,1772,3650
หนองบัวลำภู,2553,2626,2374,5000
ขอนแก่น,2553,9771,9276,19047
อุดรธานี,2553,8389,8052,16441
เลย,2553,3393,3277,6670
หนองคาย,2553,4923,4578,9501
มหาสารคาม,2553,3823,3758,7581
ร้อยเอ็ด,2553,5372,5034,10406
กาฬสินธุ์,2553,4663,4445,9108
สกลนคร,2553,6551,6405,12956
นครพนม,2553,3510,3296,6806
มุกดาหาร,2553,1879,1761,3640
เชียงใหม่,2553,9274,8819,18093
ลำพูน,2553,1734,1622,3356
ลำปาง,2553,2547,2428,4975
อุตรดิตถ์,2553,1992,1938,3930
แพร่,2553,1695,1583,3278
น่าน,2553,2040,2019,4059
พะเยา,2553,1878,1778,3656
เชียงราย,2553,5762,5573,11335
แม่ฮ่องสอน,2553,1835,1714,3549
นครสวรรค์,2553,5318,5154,10472
อุทัยธานี,2553,1569,1579,3148
กำแพงเพชร,2553,3058,2890,5948
ตาก,2553,4524,4283,8807
สุโขทัย,2553,2675,2487,5162
พิษณุโลก,2553,4435,4138,8573
พิจิตร,2553,2725,2511,5236
เพชรบูรณ์,2553,4334,4090,8424
ราชบุรี,2553,5254,5105,10359
กาญจนบุรี,2553,5102,4738,9840
สุพรรณบุรี,2553,4569,4368,8937
นครปฐม,2553,4692,4409,9101
สมุทรสาคร,2553,5070,4667,9737
สมุทรสงคราม,2553,710,602,1312
เพชรบุรี,2553,2584,2422,5006
ประจวบคีรีขันธ์,2553,3185,3056,6241
นครศรีธรรมราช,2553,9394,8822,18216
กระบี่,2553,3842,3406,7248
พังงา,2553,1559,1471,3030
ภูเก็ต,2553,3980,3573,7553
สุราษฎร์ธานี,2553,7865,7552,15417
ระนอง,2553,1111,1045,2156
ชุมพร,2553,3223,3006,6229
สงขลา,2553,10666,9976,20642
สตูล,2553,2439,2261,4700
ตรัง,2553,4327,4107,8434
พัทลุง,2553,2800,2704,5504
ปัตตานี,2553,6500,5974,12474
ยะลา,2553,5368,5119,10487
นราธิวาส,2553,6925,6428,13353
กรุงเทพมหานคร,2554,51807,48524,100331
สมุทรปราการ,2554,8525,7960,16485
นนทบุรี,2554,5927,5498,11425
ปทุมธานี,2554,5563,5137,10700
พระนครศรีอยุธยา,2554,4485,4166,8651
อ่างทอง,2554,1530,1440,2970
ลพบุรี,2554,4147,3775,7922
สิงห์บุรี,2554,1170,1137,2307
ชัยนาท,2554,1514,1412,2926
สระบุรี,2554,4516,4208,8724
ชลบุรี,2554,15495,14395,29890
ระยอง,2554,5342,4986,10328
จันทบุรี,2554,3509,3234,6743
ตราด,2554,1294,1287,2581
ฉะเชิงเทรา,2554,4519,4109,8628
ปราจีนบุรี,2554,3101,3037,6138
นครนายก,2554,2032,1868,3900
สระแก้ว,2554,3170,3044,6214
นครราชสีมา,2554,14757,13916,28673
บุรีรัมย์,2554,8731,8359,17090
สุรินทร์,2554,7426,7042,14468
ศรีสะเกษ,2554,7405,6800,14205
อุบลราชธานี,2554,11197,10596,21793
ยโสธร,2554,2541,2448,4989
ชัยภูมิ,2554,5407,5100,10507
อำนาจเจริญ,2554,1975,1880,3855
บึงกาฬ,2554,2026,1969,3995
หนองบัวลำภู,2554,2661,2532,5193
ขอนแก่น,2554,10335,9899,20234
อุดรธานี,2554,8969,8374,17343
เลย,2554,3587,3503,7090
หนองคาย,2554,3283,3155,6438
มหาสารคาม,2554,4041,3771,7812
ร้อยเอ็ด,2554,5690,5489,11179
กาฬสินธุ์,2554,4719,4325,9044
สกลนคร,2554,6927,6608,13535
นครพนม,2554,3543,3411,6954
มุกดาหาร,2554,1975,1879,3854
เชียงใหม่,2554,9711,9028,18739
ลำพูน,2554,1651,1650,3301
ลำปาง,2554,2565,2463,5028
อุตรดิตถ์,2554,2038,1913,3951
แพร่,2554,1745,1673,3418
น่าน,2554,2167,1999,4166
พะเยา,2554,1988,1857,3845
เชียงราย,2554,6100,5692,11792
แม่ฮ่องสอน,2554,1812,1646,3458
นครสวรรค์,2554,5431,5141,10572
อุทัยธานี,2554,1726,1594,3320
กำแพงเพชร,2554,3363,3160,6523
ตาก,2554,4478,4231,8709
สุโขทัย,2554,2670,2537,5207
พิษณุโลก,2554,4536,4459,8995
พิจิตร,2554,2739,2546,5285
เพชรบูรณ์,2554,4591,4270,8861
ราชบุรี,2554,5576,5448,11024
กาญจนบุรี,2554,5155,4950,10105
สุพรรณบุรี,2554,4670,4482,9152
นครปฐม,2554,4853,4623,9476
สมุทรสาคร,2554,5569,5378,10947
สมุทรสงคราม,2554,726,688,1414
เพชรบุรี,2554,2554,2495,5049
ประจวบคีรีขันธ์,2554,3573,3169,6742
นครศรีธรรมราช,2554,9802,9094,18896
กระบี่,2554,3836,3672,7508
พังงา,2554,1722,1558,3280
ภูเก็ต,2554,4266,4051,8317
สุราษฎร์ธานี,2554,8253,7819,16072
ระนอง,2554,1128,1084,2212
ชุมพร,2554,3398,3152,6550
สงขลา,2554,11375,10587,21962
สตูล,2554,2574,2285,4859
ตรัง,2554,4576,4335,8911
พัทลุง,2554,2871,2639,5510
ปัตตานี,2554,6545,6182,12727
ยะลา,2554,5769,5353,11122
นราธิวาส,2554,7281,6691,13972
กรุงเทพมหานคร,2555,54362,51210,105572
สมุทรปราการ,2555,8945,8306,17251
นนทบุรี,2555,5988,5736,11724
ปทุมธานี,2555,6212,5836,12048
พระนครศรีอยุธยา,2555,4720,4339,9059
อ่างทอง,2555,1454,1425,2879
ลพบุรี,2555,3970,3837,7807
สิงห์บุรี,2555,1122,1057,2179
ชัยนาท,2555,1489,1490,2979
สระบุรี,2555,4468,4120,8588
ชลบุรี,2555,16095,15115,31210
ระยอง,2555,5339,5032,10371
จันทบุรี,2555,3570,3304,6874
ตราด,2555,1434,1302,2736
ฉะเชิงเทรา,2555,4630,4324,8954
ปราจีนบุรี,2555,3201,2874,6075
นครนายก,2555,1908,1845,3753
สระแก้ว,2555,3131,3006,6137
นครราชสีมา,2555,14833,13790,28623
บุรีรัมย์,2555,8655,7982,16637
สุรินทร์,2555,7471,7209,14680
ศรีสะเกษ,2555,7310,7065,14375
อุบลราชธานี,2555,11194,10609,21803
ยโสธร,2555,2509,2486,4995
ชัยภูมิ,2555,5554,5194,10748
อำนาจเจริญ,2555,1849,1778,3627
บึงกาฬ,2555,2704,2637,5341
หนองบัวลำภู,2555,2758,2515,5273
ขอนแก่น,2555,10847,10167,21014
อุดรธานี,2555,8893,8552,17445
เลย,2555,3873,3563,7436
หนองคาย,2555,2831,2666,5497
มหาสารคาม,2555,4048,3886,7934
ร้อยเอ็ด,2555,5740,5460,11200
กาฬสินธุ์,2555,4816,4591,9407
สกลนคร,2555,7075,6774,13849
นครพนม,2555,3587,3384,6971
มุกดาหาร,2555,2153,1966,4119
เชียงใหม่,2555,10449,9948,20397
ลำพูน,2555,1813,1762,3575
ลำปาง,2555,2764,2575,5339
อุตรดิตถ์,2555,2075,1914,3989
แพร่,2555,1663,1666,3329
น่าน,2555,2178,2095,4273
พะเยา,2555,2017,1965,3982
เชียงราย,2555,6476,5926,12402
แม่ฮ่องสอน,2555,1705,1647,3352
นครสวรรค์,2555,5557,5256,10813
อุทัยธานี,2555,1658,1605,3263
กำแพงเพชร,2555,3309,3090,6399
ตาก,2555,4636,4370,9006
สุโขทัย,2555,2703,2453,5156
พิษณุโลก,2555,4846,4530,9376
พิจิตร,2555,2829,2537,5366
เพชรบูรณ์,2555,4598,4353,8951
ราชบุรี,2555,5728,5230,10958
กาญจนบุรี,2555,5002,4767,9769
สุพรรณบุรี,2555,4810,4558,9368
นครปฐม,2555,5082,4649,9731
สมุทรสาคร,2555,6401,5811,12212
สมุทรสงคราม,2555,754,705,1459
เพชรบุรี,2555,2564,2373,4937
ประจวบคีรีขันธ์,2555,3713,3461,7174
นครศรีธรรมราช,2555,10136,9395,19531
กระบี่,2555,3988,3791,7779
พังงา,2555,1824,1758,3582
ภูเก็ต,2555,4719,4368,9087
สุราษฎร์ธานี,2555,8630,7991,16621
ระนอง,2555,1333,1324,2657
ชุมพร,2555,3503,3217,6720
สงขลา,2555,11561,11148,22709
สตูล,2555,2623,2486,5109
ตรัง,2555,4685,4394,9079
พัทลุง,2555,3005,2833,5838
ปัตตานี,2555,6495,6115,12610
ยะลา,2555,6079,5712,11791
นราธิวาส,2555,7334,6782,14116
กรุงเทพมหานคร,2556,52341,48667,101008
สมุทรปราการ,2556,8669,7928,16597
นนทบุรี,2556,5505,5219,10724
ปทุมธานี,2556,6202,5727,11929
พระนครศรีอยุธยา,2556,4494,4218,8712
อ่างทอง,2556,1322,1285,2607
ลพบุรี,2556,3819,3539,7358
สิงห์บุรี,2556,1111,998,2109
ชัยนาท,2556,1409,1337,2746
สระบุรี,2556,4131,3897,8028
ชลบุรี,2556,15894,14664,30558
ระยอง,2556,5027,4754,9781
จันทบุรี,2556,3316,3190,6506
ตราด,2556,1376,1288,2664
ฉะเชิงเทรา,2556,4383,3913,8296
ปราจีนบุรี,2556,3033,2845,5878
นครนายก,2556,1952,1732,3684
สระแก้ว,2556,2929,2856,5785
นครราชสีมา,2556,13741,13181,26922
บุรีรัมย์,2556,7952,7537,15489
สุรินทร์,2556,6998,6509,13507
ศรีสะเกษ,2556,6702,6404,13106
อุบลราชธานี,2556,10261,9861,20122
ยโสธร,2556,2366,2293,4659
ชัยภูมิ,2556,5012,4767,9779
อำนาจเจริญ,2556,1731,1733,3464
บึงกาฬ,2556,2513,2458,4971
หนองบัวลำภู,2556,2512,2408,4920
ขอนแก่น,2556,10198,9445,19643
อุดรธานี,2556,8263,8093,16356
เลย,2556,3540,3250,6790
หนองคาย,2556,2734,2475,5209
มหาสารคาม,2556,3826,3599,7425
ร้อยเอ็ด,2556,5285,4993,10278
กาฬสินธุ์,2556,4319,4072,8391
สกลนคร,2556,6622,6169,12791
นครพนม,2556,3200,3109,6309
มุกดาหาร,2556,1923,1826,3749
เชียงใหม่,2556,10784,10100,20884
ลำพูน,2556,1743,1703,3446
ลำปาง,2556,2500,2417,4917
อุตรดิตถ์,2556,1963,1785,3748
แพร่,2556,1495,1480,2975
น่าน,2556,2060,2011,4071
พะเยา,2556,1872,1843,3715
เชียงราย,2556,6187,5831,12018
แม่ฮ่องสอน,2556,1711,1681,3392
นครสวรรค์,2556,5244,4949,10193
อุทัยธานี,2556,1610,1451,3061
กำแพงเพชร,2556,3137,2917,6054
ตาก,2556,4696,4449,9145
สุโขทัย,2556,2422,2309,4731
พิษณุโลก,2556,4647,4129,8776
พิจิตร,2556,2511,2449,4960
เพชรบูรณ์,2556,4246,4034,8280
ราชบุรี,2556,5451,5039,10490
กาญจนบุรี,2556,4898,4578,9476
สุพรรณบุรี,2556,4618,4361,8979
นครปฐม,2556,4927,4564,9491
สมุทรสาคร,2556,6995,6489,13484
สมุทรสงคราม,2556,752,714,1466
เพชรบุรี,2556,2376,2256,4632
ประจวบคีรีขันธ์,2556,3474,3315,6789
นครศรีธรรมราช,2556,9685,9445,19130
กระบี่,2556,3865,3633,7498
พังงา,2556,1808,1726,3534
ภูเก็ต,2556,4647,4418,9065
สุราษฎร์ธานี,2556,8191,7649,15840
ระนอง,2556,1434,1361,2795
ชุมพร,2556,3383,3080,6463
สงขลา,2556,11764,10992,22756
สตูล,2556,2564,2460,5024
ตรัง,2556,4470,4088,8558
พัทลุง,2556,2927,2646,5573
ปัตตานี,2556,6492,6081,12573
ยะลา,2556,5973,5516,11489
นราธิวาส,2556,6889,6919,13808
กรุงเทพมหานคร,2557,51190,48428,99618
สมุทรปราการ,2557,8669,8108,16777
นนทบุรี,2557,5381,5070,10451
ปทุมธานี,2557,6391,5739,12130
พระนครศรีอยุธยา,2557,4518,4234,8752
อ่างทอง,2557,1316,1202,2518
ลพบุรี,2557,3657,3398,7055
สิงห์บุรี,2557,1091,974,2065
ชัยนาท,2557,1403,1327,2730
สระบุรี,2557,4167,3843,8010
ชลบุรี,2557,16778,15715,32493
ระยอง,2557,5127,4780,9907
จันทบุรี,2557,3309,3180,6489
ตราด,2557,1340,1339,2679
ฉะเชิงเทรา,2557,4365,4211,8576
ปราจีนบุรี,2557,3061,2845,5906
นครนายก,2557,1970,1852,3822
สระแก้ว,2557,2960,2787,5747
นครราชสีมา,2557,13623,13146,26769
บุรีรัมย์,2557,7938,7431,15369
สุรินทร์,2557,6804,6579,13383
ศรีสะเกษ,2557,6638,6285,12923
อุบลราชธานี,2557,10302,9645,19947
ยโสธร,2557,2272,2150,4422
ชัยภูมิ,2557,4933,4690,9623
อำนาจเจริญ,2557,1661,1622,3283
บึงกาฬ,2557,2377,2086,4463
หนองบัวลำภู,2557,2501,2313,4814
ขอนแก่น,2557,9976,9245,19221
อุดรธานี,2557,8253,7866,16119
เลย,2557,3436,3048,6484
หนองคาย,2557,2655,2574,5229
มหาสารคาม,2557,3714,3465,7179
ร้อยเอ็ด,2557,5235,5155,10390
กาฬสินธุ์,2557,4351,4120,8471
สกลนคร,2557,6336,6085,12421
นครพนม,2557,3148,2938,6086
มุกดาหาร,2557,1955,1927,3882
เชียงใหม่,2557,10941,10240,21181
ลำพูน,2557,1769,1704,3473
ลำปาง,2557,2398,2331,4729
อุตรดิตถ์,2557,1804,1815,3619
แพร่,2557,1550,1510,3060
น่าน,2557,1973,1908,3881
พะเยา,2557,1910,1732,3642
เชียงราย,2557,6073,5711,11784
แม่ฮ่องสอน,2557,1591,1635,3226
นครสวรรค์,2557,5120,4814,9934
อุทัยธานี,2557,1484,1461,2945
กำแพงเพชร,2557,3245,2905,6150
ตาก,2557,4866,4641,9507
สุโขทัย,2557,2385,2244,4629
พิษณุโลก,2557,4572,4302,8874
พิจิตร,2557,2458,2324,4782
เพชรบูรณ์,2557,4106,3936,8042
ราชบุรี,2557,5446,5310,10756
กาญจนบุรี,2557,4870,4595,9465
สุพรรณบุรี,2557,4671,4319,8990
นครปฐม,2557,4808,4493,9301
สมุทรสาคร,2557,7122,6793,13915
สมุทรสงคราม,2557,741,743,1484
เพชรบุรี,2557,2430,2277,4707
ประจวบคีรีขันธ์,2557,3608,3363,6971
นครศรีธรรมราช,2557,9604,9138,18742
กระบี่,2557,3805,3622,7427
พังงา,2557,1807,1680,3487
ภูเก็ต,2557,4643,4296,8939
สุราษฎร์ธานี,2557,8298,7641,15939
ระนอง,2557,1569,1446,3015
ชุมพร,2557,3312,3107,6419
สงขลา,2557,11555,10793,22348
สตูล,2557,2532,2300,4832
ตรัง,2557,4296,3898,8194
พัทลุง,2557,2935,2578,5513
ปัตตานี,2557,6080,5772,11852
ยะลา,2557,5769,5339,11108
นราธิวาส,2557,6905,6400,13305
กรุงเทพมหานคร,2558,49172,46379,95551
สมุทรปราการ,2558,8240,7598,15838
นนทบุรี,2558,5263,4893,10156
ปทุมธานี,2558,5975,5848,11823
พระนครศรีอยุธยา,2558,4164,4046,8210
อ่างทอง,2558,1212,1218,2430
ลพบุรี,2558,3298,3256,6554
สิงห์บุรี,2558,969,936,1905
ชัยนาท,2558,1235,1238,2473
สระบุรี,2558,3976,3776,7752
ชลบุรี,2558,16106,15375,31481
ระยอง,2558,4805,4555,9360
จันทบุรี,2558,3161,2999,6160
ตราด,2558,1280,1109,2389
ฉะเชิงเทรา,2558,4064,3933,7997
ปราจีนบุรี,2558,2851,2714,5565
นครนายก,2558,1928,1749,3677
สระแก้ว,2558,2772,2698,5470
นครราชสีมา,2558,12928,12249,25177
บุรีรัมย์,2558,7437,6953,14390
สุรินทร์,2558,6385,6224,12609
ศรีสะเกษ,2558,6187,5910,12097
อุบลราชธานี,2558,9474,9309,18783
ยโสธร,2558,2150,2175,4325
ชัยภูมิ,2558,4592,4300,8892
อำนาจเจริญ,2558,1509,1527,3036
บึงกาฬ,2558,2145,1972,4117
หนองบัวลำภู,2558,2287,2251,4538
ขอนแก่น,2558,9372,8592,17964
อุดรธานี,2558,7887,7272,15159
เลย,2558,3160,3011,6171
หนองคาย,2558,2426,2305,4731
มหาสารคาม,2558,3509,3375,6884
ร้อยเอ็ด,2558,4966,4636,9602
กาฬสินธุ์,2558,3939,3719,7658
สกลนคร,2558,5948,5640,11588
นครพนม,2558,2857,2700,5557
มุกดาหาร,2558,1885,1819,3704
เชียงใหม่,2558,10706,10332,21038
ลำพูน,2558,1645,1670,3315
ลำปาง,2558,2351,2195,4546
อุตรดิตถ์,2558,1652,1580,3232
แพร่,2558,1529,1454,2983
น่าน,2558,1906,1715,3621
พะเยา,2558,1693,1743,3436
เชียงราย,2558,5829,5497,11326
แม่ฮ่องสอน,2558,1688,1522,3210
นครสวรรค์,2558,4802,4624,9426
อุทัยธานี,2558,1452,1378,2830
กำแพงเพชร,2558,2857,2633,5490
ตาก,2558,4601,4176,8777
สุโขทัย,2558,2241,2111,4352
พิษณุโลก,2558,4314,4130,8444
พิจิตร,2558,2284,2073,4357
เพชรบูรณ์,2558,3927,3695,7622
ราชบุรี,2558,5154,4918,10072
กาญจนบุรี,2558,4618,4195,8813
สุพรรณบุรี,2558,4304,4003,8307
นครปฐม,2558,4573,4323,8896
สมุทรสาคร,2558,7111,6728,13839
สมุทรสงคราม,2558,723,643,1366
เพชรบุรี,2558,2262,2203,4465
ประจวบคีรีขันธ์,2558,3393,3284,6677
นครศรีธรรมราช,2558,9144,8420,17564
กระบี่,2558,3696,3443,7139
พังงา,2558,1692,1683,3375
ภูเก็ต,2558,4416,4154,8570
สุราษฎร์ธานี,2558,7617,7344,14961
ระนอง,2558,1379,1309,2688
ชุมพร,2558,3144,2984,6128
สงขลา,2558,10882,10374,21256
สตูล,2558,2378,2161,4539
ตรัง,2558,3917,3622,7539
พัทลุง,2558,2621,2437,5058
ปัตตานี,2558,6001,5709,11710
ยะลา,2558,5590,5329,10919
นราธิวาส,2558,6431,6262,12693
กรุงเทพมหานคร,2559,47336,44694,92030
สมุทรปราการ,2559,7900,7296,15196
นนทบุรี,2559,5209,4782,9991
ปทุมธานี,2559,5940,5541,11481
พระนครศรีอยุธยา,2559,4003,3735,7738
อ่างทอง,2559,1119,1111,2230
ลพบุรี,2559,3410,3120,6530
สิงห์บุรี,2559,976,899,1875
ชัยนาท,2559,1148,1133,2281
สระบุรี,2559,3785,3628,7413
ชลบุรี,2559,15747,14662,30409
ระยอง,2559,4770,4454,9224
จันทบุรี,2559,3001,2832,5833
ตราด,2559,1075,1044,2119
ฉะเชิงเทรา,2559,3930,3688,7618
ปราจีนบุรี,2559,2847,2642,5489
นครนายก,2559,1864,1621,3485
สระแก้ว,2559,2764,2523,5287
นครราชสีมา,2559,12214,11834,24048
บุรีรัมย์,2559,6984,6581,13565
สุรินทร์,2559,6183,5957,12140
ศรีสะเกษ,2559,5945,5713,11658
อุบลราชธานี,2559,9340,8830,18170
ยโสธร,2559,2137,1936,4073
ชัยภูมิ,2559,4415,4085,8500
อำนาจเจริญ,2559,1527,1411,2938
บึงกาฬ,2559,1974,1821,3795
หนองบัวลำภู,2559,2170,2125,4295
ขอนแก่น,2559,9046,8582,17628
อุดรธานี,2559,7642,7080,14722
เลย,2559,3007,2961,5968
หนองคาย,2559,2340,2248,4588
มหาสารคาม,2559,3448,3195,6643
ร้อยเอ็ด,2559,4782,4473,9255
กาฬสินธุ์,2559,3790,3554,7344
สกลนคร,2559,5797,5465,11262
นครพนม,2559,2730,2574,5304
มุกดาหาร,2559,1877,1759,3636
เชียงใหม่,2559,10080,9709,19789
ลำพูน,2559,1686,1502,3188
ลำปาง,2559,2290,2180,4470
อุตรดิตถ์,2559,1618,1550,3168
แพร่,2559,1375,1319,2694
น่าน,2559,1885,1769,3654
พะเยา,2559,1739,1668,3407
เชียงราย,2559,5621,5278,10899
แม่ฮ่องสอน,2559,1563,1472,3035
นครสวรรค์,2559,4499,4200,8699
อุทัยธานี,2559,1341,1214,2555
กำแพงเพชร,2559,2685,2566,5251
ตาก,2559,4372,4254,8626
สุโขทัย,2559,2118,2051,4169
พิษณุโลก,2559,4131,3830,7961
พิจิตร,2559,2063,1957,4020
เพชรบูรณ์,2559,3910,3563,7473
ราชบุรี,2559,5060,4679,9739
กาญจนบุรี,2559,4217,4056,8273
สุพรรณบุรี,2559,4029,3737,7766
นครปฐม,2559,4342,4203,8545
สมุทรสาคร,2559,6847,6218,13065
สมุทรสงคราม,2559,616,581,1197
เพชรบุรี,2559,2234,2117,4351
ประจวบคีรีขันธ์,2559,3397,3174,6571
นครศรีธรรมราช,2559,8273,7809,16082
กระบี่,2559,3380,3350,6730
พังงา,2559,1622,1520,3142
ภูเก็ต,2559,4168,4028,8196
สุราษฎร์ธานี,2559,7111,6696,13807
ระนอง,2559,1287,1168,2455
ชุมพร,2559,2974,2732,5706
สงขลา,2559,10303,9638,19941
สตูล,2559,2123,2006,4129
ตรัง,2559,3411,3335,6746
พัทลุง,2559,2235,2227,4462
ปัตตานี,2559,5745,5624,11369
ยะลา,2559,5514,5010,10524
นราธิวาส,2559,6359,6084,12443
กรุงเทพมหานคร,2560,46838,44066,90904
สมุทรปราการ,2560,7771,7255,15026
นนทบุรี,2560,5114,4735,9849
ปทุมธานี,2560,6084,5606,11690
พระนครศรีอยุธยา,2560,4005,3776,7781
อ่างทอง,2560,1035,1034,2069
ลพบุรี,2560,3232,3121,6353
สิงห์บุรี,2560,949,844,1793
ชัยนาท,2560,1165,1067,2232
สระบุรี,2560,3703,3594,7297
ชลบุรี,2560,15888,14676,30564
ระยอง,2560,4820,4347,9167
จันทบุรี,2560,3098,3012,6110
ตราด,2560,1097,1053,2150
ฉะเชิงเทรา,2560,3797,3655,7452
ปราจีนบุรี,2560,2871,2726,5597
นครนายก,2560,1858,1773,3631
สระแก้ว,2560,2856,2665,5521
นครราชสีมา,2560,12260,11445,23705
บุรีรัมย์,2560,6815,6505,13320
สุรินทร์,2560,6026,5765,11791
ศรีสะเกษ,2560,5738,5425,11163
อุบลราชธานี,2560,9038,8536,17574
ยโสธร,2560,1953,1870,3823
ชัยภูมิ,2560,4320,4150,8470
อำนาจเจริญ,2560,1531,1514,3045
บึงกาฬ,2560,1873,1848,3721
หนองบัวลำภู,2560,2172,2109,4281
ขอนแก่น,2560,8848,8111,16959
อุดรธานี,2560,7444,7159,14603
เลย,2560,3165,2929,6094
หนองคาย,2560,2325,2219,4544
มหาสารคาม,2560,3468,3135,6603
ร้อยเอ็ด,2560,4754,4415,9169
กาฬสินธุ์,2560,3725,3440,7165
สกลนคร,2560,5658,5368,11026
นครพนม,2560,2810,2643,5453
มุกดาหาร,2560,1853,1782,3635
เชียงใหม่,2560,10395,9857,20252
ลำพูน,2560,1611,1503,3114
ลำปาง,2560,2276,2082,4358
อุตรดิตถ์,2560,1652,1469,3121
แพร่,2560,1382,1237,2619
น่าน,2560,1803,1666,3469
พะเยา,2560,1763,1575,3338
เชียงราย,2560,5992,5563,11555
แม่ฮ่องสอน,2560,2133,1993,4126
นครสวรรค์,2560,4399,4034,8433
อุทัยธานี,2560,1275,1230,2505
กำแพงเพชร,2560,2720,2379,5099
ตาก,2560,6106,5912,12018
สุโขทัย,2560,2004,1917,3921
พิษณุโลก,2560,4062,3846,7908
พิจิตร,2560,2030,1912,3942
เพชรบูรณ์,2560,3768,3528,7296
ราชบุรี,2560,5136,4563,9699
กาญจนบุรี,2560,4383,4164,8547
สุพรรณบุรี,2560,3952,3737,7689
นครปฐม,2560,4290,4152,8442
สมุทรสาคร,2560,6827,6205,13032
สมุทรสงคราม,2560,610,533,1143
เพชรบุรี,2560,2220,2110,4330
ประจวบคีรีขันธ์,2560,3409,3153,6562
นครศรีธรรมราช,2560,8156,7555,15711
กระบี่,2560,3419,3205,6624
พังงา,2560,1526,1423,2949
ภูเก็ต,2560,4244,3910,8154
สุราษฎร์ธานี,2560,7055,6753,13808
ระนอง,2560,1354,1161,2515
ชุมพร,2560,2856,2752,5608
สงขลา,2560,10030,9494,19524
สตูล,2560,2139,1974,4113
ตรัง,2560,3415,3249,6664
พัทลุง,2560,2192,2187,4379
ปัตตานี,2560,5959,5576,11535
ยะลา,2560,5565,5173,10738
นราธิวาส,2560,6445,6140,12585
กรุงเทพมหานคร,2561,43356,41121,84477
สมุทรปราการ,2561,7211,6723,13934
นนทบุรี,2561,4768,4462,9230
ปทุมธานี,2561,5694,5489,11183
พระนครศรีอยุธยา,2561,3794,3606,7400
อ่างทอง,2561,995,939,1934
ลพบุรี,2561,3035,2972,6007
สิงห์บุรี,2561,885,822,1707
ชัยนาท,2561,988,943,1931
สระบุรี,2561,3522,3392,6914
ชลบุรี,2561,15444,14272,29716
ระยอง,2561,4672,4416,9088
จันทบุรี,2561,3076,2826,5902
ตราด,2561,1203,1119,2322
ฉะเชิงเทรา,2561,3769,3470,7239
ปราจีนบุรี,2561,2691,2663,5354
นครนายก,2561,1821,1662,3483
สระแก้ว,2561,2727,2564,5291
นครราชสีมา,2561,11631,11029,22660
บุรีรัมย์,2561,6546,6181,12727
สุรินทร์,2561,5580,5559,11139
ศรีสะเกษ,2561,5472,5044,10516
อุบลราชธานี,2561,8794,8295,17089
ยโสธร,2561,1804,1777,3581
ชัยภูมิ,2561,4059,4008,8067
อำนาจเจริญ,2561,1455,1386,2841
บึงกาฬ,2561,1907,1819,3726
หนองบัวลำภู,2561,2019,1925,3944
ขอนแก่น,2561,8123,7737,15860
อุดรธานี,2561,7062,6757,13819
เลย,2561,2975,2715,5690
หนองคาย,2561,2191,2110,4301
มหาสารคาม,2561,3196,2945,6141
ร้อยเอ็ด,2561,4459,4265,8724
กาฬสินธุ์,2561,3465,3349,6814
สกลนคร,2561,5456,5012,10468
นครพนม,2561,2724,2543,5267
มุกดาหาร,2561,1868,1793,3661
เชียงใหม่,2561,9995,9427,19422
ลำพูน,2561,1548,1490,3038
ลำปาง,2561,2149,1977,4126
อุตรดิตถ์,2561,1425,1371,2796
แพร่,2561,1264,1215,2479
น่าน,2561,1659,1602,3261
พะเยา,2561,1658,1556,3214
เชียงราย,2561,5753,5405,11158
แม่ฮ่องสอน,2561,2346,2110,4456
นครสวรรค์,2561,4015,3668,7683
อุทัยธานี,2561,1294,1232,2526
กำแพงเพชร,2561,2423,2323,4746
ตาก,2561,5930,5567,11497
สุโขทัย,2561,1831,1752,3583
พิษณุโลก,2561,3920,3688,7608
พิจิตร,2561,1803,1792,3595
เพชรบูรณ์,2561,3556,3196,6752
ราชบุรี,2561,4710,4223,8933
กาญจนบุรี,2561,4044,3842,7886
สุพรรณบุรี,2561,3811,3587,7398
นครปฐม,2561,4047,3889,7936
สมุทรสาคร,2561,5607,5095,10702
สมุทรสงคราม,2561,574,505,1079
เพชรบุรี,2561,2007,1936,3943
ประจวบคีรีขันธ์,2561,2994,2786,5780
นครศรีธรรมราช,2561,7736,7252,14988
กระบี่,2561,3221,2935,6156
พังงา,2561,1318,1105,2423
ภูเก็ต,2561,4080,3832,7912
สุราษฎร์ธานี,2561,7000,6571,13571
ระนอง,2561,1430,1402,2832
ชุมพร,2561,2759,2592,5351
สงขลา,2561,9847,9099,18946
สตูล,2561,1939,1944,3883
ตรัง,2561,3328,3013,6341
พัทลุง,2561,2176,2098,4274
ปัตตานี,2561,5705,5360,11065
ยะลา,2561,5521,5150,10671
นราธิวาส,2561,6364,5836,12200
กรุงเทพมหานคร,2562,39976,37336,77312
สมุทรปราการ,2562,6398,6147,12545
นนทบุรี,2562,4232,4028,8260
ปทุมธานี,2562,5253,4992,10245
พระนครศรีอยุธยา,2562,3666,3430,7096
อ่างทอง,2562,929,913,1842
ลพบุรี,2562,2813,2673,5486
สิงห์บุรี,2562,852,772,1624
ชัยนาท,2562,869,834,1703
สระบุรี,2562,3307,3046,6353
ชลบุรี,2562,14232,13411,27643
ระยอง,2562,4407,4179,8586
จันทบุรี,2562,2903,2671,5574
ตราด,2562,1102,1039,2141
ฉะเชิงเทรา,2562,3409,3302,6711
ปราจีนบุรี,2562,2650,2550,5200
นครนายก,2562,1714,1539,3253
สระแก้ว,2562,2697,2443,5140
นครราชสีมา,2562,10878,10293,21171
บุรีรัมย์,2562,6049,5781,11830
สุรินทร์,2562,5307,5026,10333
ศรีสะเกษ,2562,5183,4920,10103
อุบลราชธานี,2562,8442,8099,16541
ยโสธร,2562,1712,1643,3355
ชัยภูมิ,2562,3809,3654,7463
อำนาจเจริญ,2562,1336,1139,2475
บึงกาฬ,2562,1623,1736,3359
หนองบัวลำภู,2562,1967,1823,3790
ขอนแก่น,2562,7750,7166,14916
อุดรธานี,2562,6506,6249,12755
เลย,2562,2608,2650,5258
หนองคาย,2562,2039,1914,3953
มหาสารคาม,2562,2967,2821,5788
ร้อยเอ็ด,2562,4172,4016,8188
กาฬสินธุ์,2562,3384,3109,6493
สกลนคร,2562,4790,4614,9404
นครพนม,2562,2578,2422,5000
มุกดาหาร,2562,1721,1698,3419
เชียงใหม่,2562,9051,8562,17613
ลำพูน,2562,1385,1362,2747
ลำปาง,2562,1934,1914,3848
อุตรดิตถ์,2562,1401,1250,2651
แพร่,2562,1245,1108,2353
น่าน,2562,1632,1571,3203
พะเยา,2562,1581,1485,3066
เชียงราย,2562,5680,5311,10991
แม่ฮ่องสอน,2562,1911,1848,3759
นครสวรรค์,2562,3634,3400,7034
อุทัยธานี,2562,1230,1112,2342
กำแพงเพชร,2562,2370,2112,4482
ตาก,2562,6293,6066,12359
สุโขทัย,2562,1644,1656,3300
พิษณุโลก,2562,3641,3464,7105
พิจิตร,2562,1681,1712,3393
เพชรบูรณ์,2562,3379,3085,6464
ราชบุรี,2562,4188,3889,8077
กาญจนบุรี,2562,3811,3596,7407
สุพรรณบุรี,2562,3378,3351,6729
นครปฐม,2562,3726,3530,7256
สมุทรสาคร,2562,4001,3797,7798
สมุทรสงคราม,2562,435,450,885
เพชรบุรี,2562,1850,1759,3609
ประจวบคีรีขันธ์,2562,2815,2555,5370
นครศรีธรรมราช,2562,7327,7109,14436
กระบี่,2562,2992,2872,5864
พังงา,2562,1051,970,2021
ภูเก็ต,2562,3766,3555,7321
สุราษฎร์ธานี,2562,6220,5909,12129
ระนอง,2562,1206,1244,2450
ชุมพร,2562,2479,2378,4857
สงขลา,2562,8675,8092,16767
สตูล,2562,1852,1706,3558
ตรัง,2562,3124,2852,5976
พัทลุง,2562,2018,1900,3918
ปัตตานี,2562,5502,5139,10641
ยะลา,2562,5264,5143,10407
นราธิวาส,2562,6106,5593,11699
กรุงเทพมหานคร,2563,36759,34214,70973
สมุทรปราการ,2563,6348,5778,12126
นนทบุรี,2563,4172,3919,8091
ปทุมธานี,2563,5203,4928,10131
พระนครศรีอยุธยา,2563,3481,3205,6686
อ่างทอง,2563,858,829,1687
ลพบุรี,2563,2698,2601,5299
สิงห์บุรี,2563,802,818,1620
ชัยนาท,2563,804,789,1593
สระบุรี,2563,3126,2963,6089
ชลบุรี,2563,13012,12266,25278
ระยอง,2563,4295,3856,8151
จันทบุรี,2563,2809,2685,5494
ตราด,2563,967,916,1883
ฉะเชิงเทรา,2563,3476,3258,6734
ปราจีนบุรี,2563,2737,2519,5256
นครนายก,2563,1611,1537,3148
สระแก้ว,2563,2522,2451,4973
นครราชสีมา,2563,10567,9732,20299
บุรีรัมย์,2563,5871,5502,11373
สุรินทร์,2563,5114,4848,9962
ศรีสะเกษ,2563,5170,4734,9904
อุบลราชธานี,2563,8144,7582,15726
ยโสธร,2563,1745,1662,3407
ชัยภูมิ,2563,3807,3529,7336
อำนาจเจริญ,2563,1328,1309,2637
บึงกาฬ,2563,1693,1555,3248
หนองบัวลำภู,2563,1825,1761,3586
ขอนแก่น,2563,7176,6836,14012
อุดรธานี,2563,6107,5668,11775
เลย,2563,2633,2432,5065
หนองคาย,2563,1937,1984,3921
มหาสารคาม,2563,2863,2759,5622
ร้อยเอ็ด,2563,4036,3921,7957
กาฬสินธุ์,2563,3106,3039,6145
สกลนคร,2563,4486,4284,8770
นครพนม,2563,2548,2475,5023
มุกดาหาร,2563,1498,1413,2911
เชียงใหม่,2563,8737,8276,17013
ลำพูน,2563,1292,1300,2592
ลำปาง,2563,1866,1767,3633
อุตรดิตถ์,2563,1293,1237,2530
แพร่,2563,1110,1043,2153
น่าน,2563,1622,1520,3142
พะเยา,2563,1497,1326,2823
เชียงราย,2563,5300,5071,10371
แม่ฮ่องสอน,2563,1774,1676,3450
นครสวรรค์,2563,3672,3417,7089
อุทัยธานี,2563,1161,1097,2258
กำแพงเพชร,2563,2197,2029,4226
ตาก,2563,5171,4890,10061
สุโขทัย,2563,1673,1543,3216
พิษณุโลก,2563,3410,3218,6628
พิจิตร,2563,1750,1613,3363
เพชรบูรณ์,2563,3247,2989,6236
ราชบุรี,2563,3890,3575,7465
กาญจนบุรี,2563,3686,3443,7129
สุพรรณบุรี,2563,3325,3220,6545
นครปฐม,2563,3403,3184,6587
สมุทรสาคร,2563,3954,3644,7598
สมุทรสงคราม,2563,447,418,865
เพชรบุรี,2563,1814,1712,3526
ประจวบคีรีขันธ์,2563,2662,2437,5099
นครศรีธรรมราช,2563,6987,6666,13653
กระบี่,2563,2887,2704,5591
พังงา,2563,1051,1034,2085
ภูเก็ต,2563,3249,3121,6370
สุราษฎร์ธานี,2563,5954,5498,11452
ระนอง,2563,1024,997,2021
ชุมพร,2563,2413,2225,4638
สงขลา,2563,8382,7735,16117
สตูล,2563,1825,1684,3509
ตรัง,2563,2859,2705,5564
พัทลุง,2563,1945,1774,3719
ปัตตานี,2563,5626,5307,10933
ยะลา,2563,5232,5029,10261
นราธิวาส,2563,6115,5851,11966
กรุงเทพมหานคร,2564,31973,29631,61604
สมุทรปราการ,2564,6040,5524,11564
นนทบุรี,2564,3928,3697,7625
ปทุมธานี,2564,4973,4625,9598
พระนครศรีอยุธยา,2564,3076,2845,5921
อ่างทอง,2564,804,769,1573
ลพบุรี,2564,2439,2298,4737
สิงห์บุรี,2564,736,710,1446
ชัยนาท,2564,729,665,1394
สระบุรี,2564,2922,2847,5769
ชลบุรี,2564,11819,11166,22985
ระยอง,2564,3877,3706,7583
จันทบุรี,2564,2722,2598,5320
ตราด,2564,956,883,1839
ฉะเชิงเทรา,2564,3258,3057,6315
ปราจีนบุรี,2564,2547,2354,4901
นครนายก,2564,1453,1340,2793
สระแก้ว,2564,2520,2335,4855
นครราชสีมา,2564,9907,9290,19197
บุรีรัมย์,2564,5389,5266,10655
สุรินทร์,2564,4959,4527,9486
ศรีสะเกษ,2564,4906,4556,9462
อุบลราชธานี,2564,7688,7363,15051
ยโสธร,2564,1750,1670,3420
ชัยภูมิ,2564,3505,3308,6813
อำนาจเจริญ,2564,1375,1273,2648
บึงกาฬ,2564,1572,1521,3093
หนองบัวลำภู,2564,1712,1637,3349
ขอนแก่น,2564,6952,6299,13251
อุดรธานี,2564,5540,5312,10852
เลย,2564,2490,2368,4858
หนองคาย,2564,1894,1790,3684
มหาสารคาม,2564,2714,2672,5386
ร้อยเอ็ด,2564,4060,3769,7829
กาฬสินธุ์,2564,3063,2891,5954
สกลนคร,2564,4306,4112,8418
นครพนม,2564,2442,2285,4727
มุกดาหาร,2564,1454,1400,2854
เชียงใหม่,2564,8105,7614,15719
ลำพูน,2564,1291,1129,2420
ลำปาง,2564,1839,1680,3519
อุตรดิตถ์,2564,1251,1160,2411
แพร่,2564,1086,1005,2091
น่าน,2564,1473,1443,2916
พะเยา,2564,1410,1256,2666
เชียงราย,2564,4773,4514,9287
แม่ฮ่องสอน,2564,1657,1631,3288
นครสวรรค์,2564,3434,3171,6605
อุทัยธานี,2564,1121,1003,2124
กำแพงเพชร,2564,2197,2060,4257
ตาก,2564,4843,4331,9174
สุโขทัย,2564,1517,1518,3035
พิษณุโลก,2564,3306,3102,6408
พิจิตร,2564,1605,1562,3167
เพชรบูรณ์,2564,3052,2911,5963
ราชบุรี,2564,3716,3492,7208
กาญจนบุรี,2564,3518,3377,6895
สุพรรณบุรี,2564,3122,2987,6109
นครปฐม,2564,3082,2974,6056
สมุทรสาคร,2564,3335,3215,6550
สมุทรสงคราม,2564,406,437,843
เพชรบุรี,2564,1629,1596,3225
ประจวบคีรีขันธ์,2564,2394,2227,4621
นครศรีธรรมราช,2564,6628,6430,13058
กระบี่,2564,2559,2459,5018
พังงา,2564,946,914,1860
ภูเก็ต,2564,2496,2311,4807
สุราษฎร์ธานี,2564,5283,4896,10179
ระนอง,2564,859,821,1680
ชุมพร,2564,2293,2183,4476
สงขลา,2564,7816,7334,15150
สตูล,2564,1704,1458,3162
ตรัง,2564,2595,2482,5077
พัทลุง,2564,1697,1707,3404
ปัตตานี,2564,5192,5091,10283
ยะลา,2564,5073,4682,9755
นราธิวาส,2564,5798,5497,11295